-0.446788
-1.142349
0.646270
-3.128580
2.566309
-2.201768
-4.493330
3.805208
-0.600580
-1.417588
-2.956104
4.169587
2.547954
5.660964
9.196263
-1.013501
-0.083587
-1.023148
0.680591
-3.706443
2.645822
-1.532313
1.660048
8.465521
-1.877115
1.927961
2.298861
3.274601
-4.678497
-5.885098
3.786291
2.385487
-2.233752
5.274305
5.549020
4.922195
-2.814684
1.153750
-4.315017
6.559915
14.842603
-3.781304
1.535514
5.486337
4.667424
2.446953
-2.152926
-1.476024
0.295372
7.522737
8.470987
0.794630
7.895984
-4.600952
-1.576631
-7.374286
-5.548676
3.823863
8.206935
4.906619
-6.126788
0.283413
0.375379
-1.025530
-8.881243
9.194030
5.200665
2.636882
3.072843
3.689988
1.951994
-8.060772
-2.945257
1.231494
5.282338
1.137454
1.943989
1.894527
7.406816
-6.585463
-2.462908
-4.470120
4.424211
-3.879306
-9.260425
3.987359
12.833305
3.049991
-1.502843
12.724927
4.013870
4.662990
-3.268635
-1.526764
4.156619
-3.233870
10.825457
9.089817
3.900110
-7.561693
8.275258
2.556211
3.142235
4.400348
-1.659837
0.787173
10.245497
7.270914
0.878071
11.309358
1.670324
-6.502656
-7.400603
2.518388
0.389716
4.262937
5.188887
5.689314
4.610680
4.639850
2.490777
-1.983578
5.679880
7.027837
-1.041771
-6.722157
1.842574
-5.890003
3.234115
0.352751
11.240792
10.595209
-5.295257
0.956290
8.541372
10.017119
1.686031
9.339039
3.137767
8.721416
0.987431
7.387956
-5.202064
-2.566779
8.353982
-2.106120
4.361606
-1.833660
-8.018191
-0.311639
8.655302
0.359042
-1.023848
-5.254221
3.044486
-6.049863
-8.587018
1.101656
3.662831
-1.796570
1.212857
3.828794
3.075854
-3.288265
2.416654
1.516442
-3.294628
6.852307
-4.504453
3.056962
2.450311
-4.222441
-1.021357
4.287859
4.206136
6.314939
0.053375
3.543767
-0.392537
-6.004514
-1.714611
-2.946205
0.417125
-3.686126
-0.528835
13.922138
-1.120256
-0.989911
4.675669
-6.451680
-1.763818
-8.835737
6.637661
6.873964
6.637110
6.644710
5.772625
3.475951
5.293925
0.891625
1.979385
-2.740760
5.188446
1.057366
0.405782
7.473413
9.832283
-1.981179
4.622741
9.079056
3.485885
-13.393595
5.339953
0.283385
5.997391
3.980079
8.195501
-2.334247
-5.425637
3.262156
5.538938
-0.783954
-1.298568
9.254065
3.667753
8.266339
-2.006822
1.187301
5.508804
2.500707
7.569764
3.877647
3.741215
1.505975
-2.525649
8.713559
-0.283367
4.137538
6.115014
4.171788
-3.928805
-7.427927
8.812907
1.718672
1.904195
-6.564370
-3.938019
5.595185
10.747274
4.579989
-5.098408
-0.215295
-1.883604
6.181951
1.831120
0.749052
-3.633788
6.169557
1.853125
-0.816068
1.889027
-0.213569
3.222511
-1.876679
9.915261
1.565574
-5.077486
0.290336
2.694144
8.054133
4.886459
2.337185
-3.526804
3.385242
7.140570
8.267076
5.991667
2.383960
6.460965
-4.453857
3.579148
5.007130
0.020502
12.377460
1.137730
-3.312622
-0.657753
2.036725
7.127226
-4.883897
3.913454
9.756643
-3.704088
11.961910
4.113847
2.173109
1.391889
-6.174486
4.209153
-0.655808
-2.488230
5.825904
2.704417
1.226690
-2.351037
-0.579199
5.099208
0.627215
4.606149
-0.105812
7.060410
2.078163
10.148972
5.265424
4.539854
-2.616198
7.501457
-1.274669
-5.623930
4.646082
1.708497
-4.259681
2.624179
-0.437449
6.636015
-0.987610
10.839475
6.612856
0.874057
1.648059
-2.860966
1.690405
6.808038
5.600285
-2.737070
0.659820
0.905464
0.620050
-6.084115
-3.091311
3.075556
-1.889310
-4.133030
5.032016
0.699410
-6.158667
-4.030138
3.319898
10.407610
7.083809
8.490772
-3.812883
1.990761
0.142136
2.514428
1.864791
-4.948584
-1.309132
3.235361
4.132867
-7.211445
4.863042
7.741816
-5.918510
3.934834
1.467604
0.213203
-0.119629
-3.562089
1.983685
3.199386
1.053845
9.713606
8.373231
6.967123
3.017436
-2.941861
2.724108
-7.144386
1.660561
-0.379677
3.536172
-0.933689
-1.753163
1.197949
2.010102
5.367491
0.631042
4.541341
3.853698
3.988999
-8.392914
-2.641051
5.838244
-0.143369
6.157738
-2.485798
-1.192416
7.486118
8.444138
1.886038
-6.518260
4.427572
3.918430
-4.967974
-3.345190
-11.097303
0.027822
3.189281
1.645726
3.254292
7.056215
-3.007687
9.577447
7.753551
-0.657126
2.175062
10.755983
11.660318
4.823411
1.288465
-2.417936
-11.830351
-4.416683
-0.013217
4.228519
2.552566
-7.339122
-3.475269
13.575670
-0.151053
-1.733361
-4.481491
3.617923
0.579411
2.375042
3.136295
2.672424
-0.861642
5.992358
6.225911
2.785419
-0.992559
5.748061
8.825721
1.158669
-9.111322
1.121341
9.242939
1.628603
-2.473728
4.003434
4.736835
5.521096
5.173479
0.009258
-4.091217
7.604245
4.703634
-3.030306
-1.581860
6.731298
13.273762
-4.522615
2.631844
2.300401
-0.713597
9.381847
-5.243038
9.543805
-0.281763
0.449690
11.803046
4.594609
6.721541
5.085827
-6.880651
-3.709833
-3.304047
0.024856
5.714461
0.689916
8.109126
5.142896
-3.925318
0.324509
6.344697
-6.480495
-0.152721
1.986289
4.844139
-1.369224
3.724440
0.537425
3.256022
6.890591
-4.118567
5.383356
-1.515339
1.218155
-0.011255
4.702693
-3.750391
-2.327971
-8.842441
-3.731321
2.035063
1.787669
3.708041
4.421034
-0.372670
2.196721
-11.739692
1.145317
3.859161
0.433793
0.062950
3.774646
14.014819
-0.734401
8.608744
9.201811
0.795857
-3.637616
5.515457
0.437264
6.648701
0.651855
5.734204
3.458616
4.881146
-8.729354
-3.434007
7.272813
4.910216
2.394601
2.795458
-0.693888
8.367599
-6.989608
2.659638
4.067269
-8.082978
3.660452
0.499472
0.116381
8.974356
1.755457
5.336679
8.584107
-4.634750
2.572545
8.071042
-2.532716
2.521073
2.744024
2.719594
3.275734
-5.710045
3.471540
-1.061820
-4.537651
0.047961
-10.554172
-2.524991
-5.415388
5.510619
10.994501
6.918870
-3.905109
1.595984
-0.317481
0.178707
-2.600458
-1.486412
-2.388223
-0.646507
3.390245
-4.469178
12.753006
4.671144
5.316165
3.415726
-0.569322
4.195371
5.459892
5.163683
4.257803
-0.566898
2.243526
4.310048
8.528298
3.659871
3.159853
-0.726375
10.427995
-1.640321
3.956298
4.813963
-1.084595
4.247692
5.784027
7.849766
6.543656
6.501797
-19.187393
-2.624136
-0.918197
5.180879
-8.876042
0.318254
1.383731
7.354332
-4.232163
10.198336
8.223329
10.731722
8.008668
-2.593834
7.773569
6.762227
10.850366
-1.112573
-5.040921
-1.030927
-5.420306
0.068532
6.432053
-5.541258
8.719219
4.377111
7.811352
-3.673186
1.666670
0.196400
0.805961
5.030256
-3.989032
5.316793
3.963015
-4.057691
4.755258
-2.248163
-5.674779
-2.331095
-6.374417
-0.154917
-5.091583
-1.864021
-2.925565
3.987169
-0.793303
-5.263499
3.456547
-3.917088
-8.255611
3.390198
3.285806
2.476951
2.715516
-5.730637
-4.773358
5.713647
2.799887
5.749481
0.720843
-1.933140
-6.110457
-1.371308
-1.227652
5.890385
3.350478
-0.225471
-4.693961
-3.165862
3.424491
-1.290249
1.451936
7.128785
9.221636
-2.112029
-5.109861
2.383045
0.007033
8.326217
-4.915788
-6.560134
-0.789208
6.846051
4.104240
-0.812687
-2.848574
-0.585051
9.485366
0.944636
-2.962215
0.754417
0.164321
0.850848
2.542245
1.623522
5.825039
1.032046
-3.230980
-1.816123
3.886912
1.838903
-5.604756
-11.047312
10.618688
-7.296829
2.888690
0.040806
-7.324640
1.913174
2.732994
2.674177
-2.237619
-4.875426
0.127029
8.229038
5.514886
2.818398
-5.774098
1.484699
10.382508
4.608418
2.691758
-0.779562
-7.130322
-0.206865
-3.173719
10.522644
-2.828508
2.461285
2.404956
0.677955
5.093052
-6.588665
6.846874
14.508715
-2.588370
8.517964
4.462735
1.130864
0.062181
-1.723857
-4.153144
-1.818992
-4.583493
4.172009
2.615540
2.352977
-2.806752
-12.425998
3.156354
-0.747421
4.100688
2.906028
5.862174
6.220621
-1.412590
-0.957670
8.667817
7.287580
-4.202529
9.026298
-1.831790
2.034013
8.180518
-10.342759
0.213057
6.556604
-7.043780
-1.866228
8.907020
6.099502
4.860401
2.083272
7.839666
-2.085213
4.302218
2.510760
-1.604037
-2.845546
3.402465
0.696740
3.772487
0.970897
1.335765
5.107195
2.030534
4.625263
3.821919
2.212174
2.892424
-6.864348
-3.950004
-4.383096
1.200930
-2.750169
8.907866
7.683619
-3.671633
7.595782
-3.232478
7.018209
2.479821
0.751492
9.203050
-2.014523
4.252677
8.790290
8.361890
6.832829
-0.579301
-4.006142
-1.554239
-2.272180
2.128071
3.924210
-9.156944
-3.746902
1.464642
6.235539
2.642674
3.363964
-5.765363
4.509171
-4.286709
-2.110836
1.505430
-0.144159
-2.467776
-1.256013
0.889197
1.920924
1.335697
8.008253
3.955825
-3.857205
-3.827647
3.836869
5.567961
6.738043
-1.841536
14.090207
3.094161
1.709486
-1.087922
8.152380
-0.151532
9.060569
-0.889145
2.465930
4.089818
-3.628279
2.306921
8.978871
3.030960
1.136167
6.578906
9.123350
-5.280180
-1.235535
3.120885
-3.114952
-7.649926
-0.739207
-3.833687
6.721073
-11.036477
-1.888869
11.541347
1.272109
0.691537
-3.929560
5.167373
0.737656
4.812848
0.404181
-0.509188
6.259638
-1.162271
0.154838
-5.026983
0.560857
-3.307217
3.208244
7.626042
-2.284205
7.043200
6.035230
-1.393846
2.273855
5.385756
6.514677
0.409299
-2.561490
-7.483376
4.199243
-9.155715
2.348854
1.530105
3.458613
6.726786
-0.618371
0.391727
-0.299731
7.276101
6.003986
2.775452
-2.918068
2.826356
1.946629
-6.197016
-1.066861
2.844128
7.762030
7.782965
-0.278578
-2.318576
-3.881397
-9.815581
1.470384
6.181545
6.447108
-3.054860
-2.543300
7.685208
-3.146841
1.171684
1.796491
8.194301
3.322013
0.856323
4.046912
-2.633095
3.824166
-0.746859
13.827820
3.515846
4.529116
-0.848042
2.897829
3.324846
1.999734
0.472849
8.698401
1.879991
2.104796
9.155766
1.984863
-2.425113
1.489358
13.358431
-0.153278
5.515000
-5.046973
1.467345
-1.952598
3.482438
6.043736
-5.914580
8.013582
0.133316
3.628607
1.030284
11.256687
4.006953
-5.407570
-0.779598
-1.752264
2.213339
10.019227
6.122875
2.353193
4.058176
4.685059
4.512082
4.184132
-0.562537
4.842437
7.153771
-2.134254
-1.356736
7.223688
12.202498
-0.686121
1.200351
6.622923
5.833774
4.385408
0.114613
9.686988
-5.421401
-2.639403
6.739730
3.605366
1.302920
2.114479
1.948188
0.566626
0.444661
2.640284
-7.940510
-2.387332
-3.137203
9.120310
5.320661
3.263082
1.040279
0.287953
7.053764
-0.207315
1.300682
3.812687
3.055033
-9.892254
-11.169409
2.015180
-3.353613
-2.424153
0.553685
6.408776
-1.577469
-2.364423
2.903477
0.416986
-2.415317
5.978311
-2.210105
-13.157763
-9.638337
6.284457
-3.128723
4.512852
10.059329
8.789971
10.077883
2.743958
7.691801
2.447019
3.714920
0.304117
0.148906
-0.327118
2.394065
-0.438151
0.575662
11.360429
7.369468
3.375479
5.014812
-4.647659
7.577345
-3.113878
8.959608
1.062901
4.979495
-0.183688
9.013882
4.329226
-2.142561
-3.812658
-2.024224
-1.721529
0.015546
-2.417517
-2.584787
-1.358052
7.372065
-7.473047
7.789313
1.785208
-7.186495
-3.111781
3.507283
3.924123
-0.872352
-2.353077
-0.904315
7.230120
1.828836
10.732382
0.920160
-12.718034
-1.358207
7.411187
4.344043
2.272858
1.790231
-1.250352
-10.856822
3.064395
-1.471860
0.725343
14.402937
4.149142
-6.336346
4.901898
-5.717790
1.199171
2.686153
1.642342
3.475992
4.136696
2.055021
-8.182550
-2.053577
3.776495
1.402666
1.598540
14.836448
-2.767964
3.544666
-0.843950
2.200898
2.601847
5.671487
-0.760086
-9.954635
0.821930
2.569937
1.981695
-4.184797
-2.607668
6.500387
-3.796374
1.232519
-10.623365
1.002815
-8.217040
6.279994
0.796982
-2.722657
-4.586773
4.700645
2.811082
-1.565199
8.017412
1.104675
3.675315
-5.370085
9.707078
0.743963
-5.919459
3.011559
1.825521
-0.954353
-0.564612
2.438760
-7.081243
-0.485598
-3.342946
-1.996132
-2.488970
3.308452
-2.077591
1.087118
5.195051
-5.333183
-7.667197
6.994547
-0.155457
-1.384316
0.119772
2.539100
-6.448633
2.237694
2.106034
4.044010
-5.867919
-5.461227
2.192524
3.651375
2.101322
-2.126076
-2.386745
2.222669
-1.791521
0.640881
0.666260
10.323766
4.857545
0.250935
7.238173
4.099888
-4.558654
-5.444287
0.033017
7.164703
-0.195783
4.917518
-1.907303
-5.100095
1.381088
4.062081
3.862492
0.464026
7.212775
-6.630166
0.529133
-0.917840
-5.469899
-12.455357
-2.925035
-8.333856
8.929882
8.245956
-6.017977
7.432027
1.550365
3.590534
2.539590
5.558473
2.117939
-6.276115
-8.920545
0.006749
-1.873749
-1.827646
9.699059
3.921449
-1.748706
4.398259
-0.434089
-10.221816
2.247712
0.869519
-0.468233
-1.703947
1.242854
-5.144581
-6.888255
-2.031308
2.392535
6.731605
-2.270192
-3.263194
-5.492087
8.717305
2.650520
12.472401
1.669329
8.812518
0.757814
7.525491
-4.979586
10.455199
11.619527
-7.257308
1.084780
6.194793
8.640432
0.739136
-0.375181
-0.841254
-4.428922
5.096633
4.817454
-0.200358
1.949021
4.708837
1.909954
-4.162070
2.740754
7.684384
5.136559
2.084621
4.707931
-2.244172
7.401143
-5.256863
4.957289
1.245722
0.737488
-6.611034
-0.149494
1.045955
-0.639664
-1.467731
-3.269075
4.365773
8.342773
-0.795600
9.621103
13.807838
0.852869
5.950302
-2.137747
8.679318
0.709038
3.917127
6.221770
-2.162026
8.376156
0.622461
4.497496
-0.679927
4.007665
7.025798
-2.058347
0.108204
9.608913
-1.176212
-2.206466
7.716361
14.108461
-0.138700
-1.448024
0.735924
0.862071
-2.965568
-1.834269
1.663285
2.724364
10.470555
2.117627
-3.861162
-4.605504
-2.646592
6.434927
-0.855855
6.406203
1.197009
7.238408
3.876524
4.251474
0.373789
-7.888982
-0.593568
-5.195129
3.213098
-4.954190
2.004614
6.000107
8.466501
1.604525
-4.949819
-3.649983
-10.161582
1.781085
3.980542
5.433165
-1.481936
1.778710
2.420533
7.280088
-2.942274
10.772140
0.637213
1.840019
6.390866
3.486809
1.991631
5.248178
7.029814
4.408065
-0.386396
6.216744
-0.075147
8.740916
-1.220312
4.304567
9.496713
2.371104
-0.855364
-0.170054
-6.736942
6.732060
-0.642017
-10.799096
13.474294
-2.348363
-9.176686
-9.537552
3.218930
8.117191
6.634690
-1.883142
-0.897284
-2.314640
0.604441
6.327161
5.669161
0.343917
-1.779313
11.495482
-2.476648
-2.735169
2.124628
2.770907
8.825296
-2.131190
5.573743
-3.807796
0.790863
-2.172411
0.031534
8.178705
5.762530
-2.131282
6.826805
6.624486
-9.502162
-3.417910
-0.244174
-5.304288
1.885308
-1.073942
9.065265
12.452983
-1.698271
-3.048096
3.620322
1.990364
3.932990
0.186221
4.852030
0.558781
-3.989594
1.345698
4.824985
5.545539
0.262709
8.855653
-2.938509
-0.775303
6.015670
4.449467
12.762510
2.049823
4.265131
7.186141
11.657728
3.684637
11.274129
1.606205
3.341277
-1.652202
3.902637
-8.283281
3.952944
-2.798012
-3.793406
7.159683
3.548354
-3.791310
-2.389534
5.084574
4.986628
-3.678677
-1.366124
7.278344
0.600373
12.109764
4.587278
11.268164
-4.815751
-1.487035
0.630567
0.746705
1.938148
3.705362
0.391700
1.225939
4.751384
-2.871600
1.485153
6.811190
0.070598
0.398917
9.750644
-4.354222
4.163654
-2.911268
1.478222
-4.903911
10.755983
13.356897
1.118962
3.597836
-0.259197
8.620819
1.853826
2.281133
2.899382
4.098749
-0.649711
-1.419206
-1.555283
5.726111
-0.946621
-0.640996
-2.086771
0.522419
3.585906
-0.171874
-3.573777
6.916211
-0.026176
-2.335623
2.448188
-2.437709
8.381280
14.595634
3.265776
11.632171
2.508724
7.897638
-2.339764
6.774371
-3.841920
6.394010
-4.052354
-0.320937
5.872500
-0.518088
-5.587840
-5.986629
6.000248
-3.426567
2.964350
7.998167
7.950551
6.018226
1.947938
-2.738355
-0.858847
2.410378
2.309461
1.908822
5.861074
6.894012
-3.622825
-0.638686
8.209800
-0.342519
6.967563
12.481001
-4.476101
5.888628
1.549360
2.809505
-2.847463
-6.238604
-0.203554
8.190475
4.144182
-5.954691
-0.888335
-1.671819
3.279350
5.506826
2.255509
0.115705
-5.701098
6.975676
5.092367
-2.329515
14.167534
-3.643535
5.470722
-3.532996
10.346275
6.769182
7.467739
3.474764
-5.034127
2.842818
-0.745753
3.343215
6.062580
-0.404213
-0.050901
-6.400865
9.371821
10.218977
13.649697
7.747441
6.237214
-1.546113
6.427741
2.284276
-0.821596
5.552656
1.141611
-0.922559
1.615800
7.452267
5.623973
2.184206
4.878988
-2.858740
2.778598
-7.779484
-3.759479
-2.179225
13.051082
6.983249
-1.236251
3.072743
6.539544
-5.414829
2.415141
-1.690448
1.107184
5.667558
-3.102431
0.054064
2.282791
9.719746
0.688148
3.483203
4.451856
5.484695
-2.894259
-0.866193
0.950324
4.687733
3.632209
-0.154651
2.036543
6.780461
0.158510
-3.675580
-3.552548
-5.946235
-1.492193
4.091282
4.498999
2.117115
1.044108
-2.859985
-1.808621
11.560112
3.867691
8.476607
2.005613
6.027210
1.800389
1.328284
8.313558
-0.305999
5.479436
-9.096583
-4.290776
-3.763033
2.407371
6.672098
9.189227
1.923696
-5.776051
-0.151705
0.303450
-4.746496
6.809838
-1.296860
3.953259
-0.837548
5.303660
-3.117704
0.616083
-3.198183
-1.243943
6.716548
8.246070
14.668149
2.537728
0.011000
-2.512305
7.065381
10.134134
5.022204
-3.163862
-3.758926
13.939831
-6.848837
2.008973
9.768250
-5.241237
6.390442
4.569557
-1.068280
0.353516
-0.571933
0.900703
-2.383212
1.781969
-0.411158
7.467042
2.784095
4.798263
-0.500571
0.768572
6.770488
-7.532638
1.104988
8.611288
5.330141
-2.442258
3.655970
0.447757
-9.924655
6.517786
8.482707
-4.629249
2.395864
-3.202459
2.270842
0.160978
0.752201
8.181143
-2.491065
1.515606
1.650208
6.915978
-5.155224
9.039416
-7.194406
3.062794
7.080642
6.689668
2.554013
-3.559787
4.772352
6.606505
12.198498
7.340494
2.425750
1.903158
1.480552
-0.600133
-4.705866
8.089285
1.339481
4.535790
4.333435
2.535100
-0.857330
-3.936300
10.584320
-1.635770
0.337808
1.259300
-4.384114
1.010173
-5.220373
2.260345
6.467959
1.045726
3.220771
-3.416724
-0.089551
-5.419481
2.487373
8.347629
-8.337026
3.611450
7.429187
7.176707
-1.199265
-3.029754
-0.689935
0.860982
-2.884647
3.781825
0.969554
2.056105
-6.867375
2.048308
5.753173
-2.587741
-3.966576
-5.177742
3.699031
7.911386
1.168696
4.079078
1.671343
3.998017
-3.607576
12.656827
-4.820904
-2.437587
-6.020438
4.450081
6.701595
4.833316
4.076915
6.436121
-2.639123
-11.476868
1.139717
-3.793620
8.672670
9.945854
1.653383
-1.705168
-0.384135
-2.741160
4.973257
-6.310753
4.589626
3.190229
3.731743
1.139774
4.597013
-2.834873
7.924126
4.814138
5.046376
5.804416
3.169845
4.932203
3.844917
6.842955
4.140821
-3.960150
2.225720
-8.929056
-5.850083
5.311580
7.228332
-3.638053
6.550971
0.410857
0.004055
-6.170439
1.373887
-5.867156
5.508207
5.885180
-3.065426
7.066474
7.860720
5.146978
-5.111387
4.589409
2.621331
0.995789
-3.111184
-0.257443
2.901515
2.794840
6.053692
1.168114
4.689163
1.819731
0.175746
3.262749
5.848295
-2.551903
-2.272389
4.813709
-9.276744
-3.709771
2.329335
3.305427
-0.815491
-0.034060
6.899434
1.506930
-9.847724
10.058613
5.710301
-0.507350
0.651356
6.228521
-0.185023
-0.263465
-2.365486
-3.369475
-8.215062
-3.192928
10.936538
-1.056444
6.477770
-1.345194
5.011521
-1.879165
2.512642
-7.584725
7.947117
2.059996
-1.912364
3.141155
7.595312
2.932351
3.536750
-0.256629
2.263320
6.737026
-2.209613
-1.682801
-7.244593
-4.913982
-3.328077
-0.476296
-6.879469
8.445644
1.514027
-4.460618
-4.002683
0.774223
12.790686
-11.392984
1.754564
7.129737
2.010787
4.376833
9.066924
7.975657
-2.339197
3.868814
0.996436
7.663691
0.288734
3.402305
3.941039
-2.296118
7.686033
4.774170
2.863576
1.761341
0.039176
9.531187
-0.377671
-4.194250
-3.828470
-6.883341
-7.606970
3.380048
6.396142
-4.322517
3.472110
0.510258
12.682655
-2.385483
2.726970
-0.443436
0.545728
-2.691994
-5.901102
5.516564
4.921021
-3.358687
-2.743821
3.359965
-3.381645
-4.298981
4.105167
5.104381
-6.446199
-0.142480
-5.075867
10.799355
9.307505
1.294582
1.310963
-5.433357
-2.173357
-0.423125
-0.478680
3.022038
-8.644456
2.105748
-3.408755
1.062905
-1.209932
-0.989884
5.366672
0.830500
-2.383990
6.778599
0.249736
3.965720
4.392505
5.201883
3.006089
2.192160
10.589289
-2.590844
-7.942362
4.382420
7.268008
-3.515533
-4.904670
-2.028790
-4.376411
0.047650
-9.010802
3.441943
8.727312
1.035035
8.682172
3.171855
-1.571120
-9.917815
3.503528
-3.062082
3.829605
-0.840303
5.369598
9.050387
5.157749
5.525626
0.071389
1.774823
-3.476389
5.596392
4.650551
0.262466
4.655930
-0.863009
6.499674
6.821462
6.420789
-6.681488
5.653148
0.606541
-3.250751
-1.629489
3.089103
2.511631
-4.314405
6.010176
10.125647
3.003332
-1.106409
4.437546
2.000451
4.772096
5.639424
14.735676
7.185822
4.233136
5.112894
2.591325
1.505414
2.154210
-2.632984
3.018288
-0.463572
-2.973173
5.757819
-1.390009
0.393462
4.070465
4.368408
-7.109786
4.297353
-12.914336
-0.973791
3.298693
1.878730
13.119215
3.096694
4.812694
11.587109
5.720803
-2.173227
0.292167
-6.314295
2.537404
3.581377
5.775984
9.137391
-1.151611
2.316689
-0.379120
6.936034
-4.536276
-1.655649
3.232676
1.037139
3.117037
2.368922
5.000139
0.512109
6.070114
6.560506
-7.623615
-8.568663
0.065219
-2.402325
6.153591
-6.330064
3.716846
11.446151
-12.361044
-2.098746
-4.616397
4.422952
-1.620238
-0.544583
0.960374
-4.193143
1.621495
-2.578562
1.400167
-0.947787
7.118390
7.067073
8.380221
-0.342667
6.593421
4.334525
4.684198
11.807867
-3.910363
-6.677754
5.306445
13.001035
-5.872062
4.137566
-0.803439
1.017243
7.007614
3.198510
-6.382343
-0.432739
-3.082370
-1.188104
7.560313
10.720983
-9.388281
-1.392085
-4.867720
-3.824238
-0.432512
1.101366
-1.742918
-3.599505
3.119385
11.004881
-2.906032
-1.408023
-5.179472
-7.068523
-0.710935
9.536658
1.868202
8.287808
9.191851
4.462791
-1.593378
6.079602
3.046762
2.843931
-3.634331
6.336099
6.197755
0.920445
-5.383375
4.380292
7.575034
5.327279
0.273623
1.703837
2.520726
4.666067
6.825558
-1.737955
6.601548
-0.573797
5.004904
4.254876
8.358717
4.797525
2.986508
3.281819
1.528468
4.065639
5.028164
-6.349237
11.636242
-1.073122
-0.630515
0.363529
-1.304788
-5.434551
8.422601
3.290168
-1.190411
-6.165632
7.302948
3.626064
10.363539
-1.476159
16.360843
5.413300
-3.091675
0.822046
4.712670
-3.466946
-0.521109
3.047324
3.245962
1.129369
1.229992
3.594222
-2.526949
-1.653611
-5.010820
3.019792
-1.273167
7.104006
2.951691
3.871951
-2.445573
4.801056
-5.158437
3.010002
-4.086133
5.819549
-0.834540
-4.138597
-2.271781
5.445006
8.653148
3.237057
0.183605
-3.698569
5.661229
4.907683
-2.290831
10.843213
4.171305
2.153897
9.929876
3.752789
3.059044
5.242874
4.798842
0.473497
4.432909
-6.772387
-9.614860
4.527617
5.715989
-0.671933
0.814574
-1.442355
1.289302
-5.392530
4.885287
-6.991549
2.440936
-6.187654
-3.610587
8.079228
-0.379607
6.710769
1.260119
2.545381
3.749251
5.765336
7.186374
13.832499
0.386724
-1.338481
5.381076
3.704683
-1.243053
4.287455
7.909564
0.267812
3.565651
2.277478
5.846513
1.131431
10.188578
-9.204806
-4.816208
4.359573
-1.906032
7.340031
2.202715
-0.116832
0.863388
-1.566263
-3.347991
-7.128544
6.633091
12.713468
4.884942
-2.580804
6.727707
-1.365744
-0.779775
0.390874
7.571691
-6.401583
-4.243121
-6.564137
-4.163685
1.356396
-3.177833
7.932278
4.387997
-9.975646
6.451089
-1.627196
-5.758537
9.034855
10.068636
2.220358
7.748603
5.539003
8.458426
12.083604
6.394481
-4.511064
4.012901
-6.067900
2.879215
2.296162
-0.106379
1.268812
1.932686
3.156248
2.299591
3.963324
-10.074651
-2.130842
10.929816
0.127490
3.055404
-2.061361
0.255291
-2.172870
3.107285
2.812298
-8.035821
-4.525158
-3.917007
-1.785827
-2.153532
-2.180670
6.195112
2.401427
7.330694
6.716817
2.534150
-7.822048
2.424484
-0.501202
-10.323907
-7.984285
11.770604
-2.425070
1.571986
7.990276
4.216569
3.021373
7.741628
-1.910976
6.735699
0.128223
-1.157589
-8.610849
9.280498
1.727197
2.978894
-2.137102
-4.122663
-6.484456
1.805721
4.616291
4.261470
3.663043
-0.674938
4.095387
1.779309
5.818817
0.402872
6.487135
1.536837
9.787515
-0.709182
4.928112
6.031588
-4.480381
-5.530540
-4.268017
0.044299
-0.220975
0.976207
-0.921715
-1.090651
5.415017
2.233568
4.188344
1.551063
-3.549512
0.883590
0.237119
12.133502
7.875458
8.239281
-2.589278
1.832270
4.580772
-0.012056
10.288146
2.025443
-1.143594
-4.667516
5.874011
-3.589954
-5.400200
1.429415
-5.931651
-0.685570
-6.906617
2.796603
0.818870
-2.842085
-3.225491
3.023324
7.395477
-2.368337
2.861173
0.496807
8.177247
3.004378
7.149001
4.993046
5.839417
-9.468264
1.162398
6.864392
2.448495
-3.415900
-1.188162
-5.470998
-0.706349
1.419063
6.895632
2.419842
-8.661784
1.283852
3.025483
10.025855
8.865461
7.699803
3.595118
-7.514527
-6.740071
1.382112
-3.489162
-1.609895
0.337374
7.817631
-5.108119
2.373907
-0.729900
-2.982306
-0.633819
1.941691
2.510506
-1.570576
-5.801379
-3.631464
1.833835
2.970559
5.053427
4.832602
-3.930506
-3.779927
-4.546201
0.930914
0.259671
-0.186597
-4.126315
-2.730449
-7.846701
1.524545
0.326031
-2.039201
2.913217
5.148576
-2.608193
-3.426984
-7.726435
0.273200
9.854162
1.387462
5.773280
-7.214747
-4.733634
6.523732
6.157387
-1.297874
-3.042475
1.681336
2.242551
3.281563
2.238301
0.827715
-1.085499
1.823108
-3.071095
2.564647
13.639080
-10.548233
-4.352786
7.768340
-1.229933
4.260167
9.081055
-2.527796
-4.525110
-1.176724
-7.297394
2.515326
5.814378
9.880285
-3.834262
4.121057
2.524223
4.876102
-1.560455
6.122466
8.129029
-0.677672
6.872893
-5.070093
1.952600
-5.435018
13.333414
9.579362
2.680506
3.743399
-1.074000
-4.389534
4.416389
4.451758
1.302051
4.396629
-4.095894
-6.573590
7.117931
8.933066
-3.764791
5.771441
7.405584
2.496102
1.623589
-2.899974
-2.156017
-1.520332
-1.664873
0.120055
-0.008525
2.930297
4.280919
-4.048005
4.487755
0.315809
1.528062
-3.199469
1.784948
5.507743
6.258138
2.744137
11.361113
6.386464
11.856208
-5.092520
5.959924
0.105881
0.371980
5.634221
-3.154724
6.812973
5.844137
-7.656426
-4.367448
3.710616
4.151988
3.444944
2.748211
2.645695
0.647053
-2.295875
-5.447270
3.127720
3.051988
3.955971
-16.029417
1.314690
-12.904774
14.961074
-5.200210
-3.068779
-7.000197
-1.401612
0.651103
2.887921
-0.147100
-1.124439
1.702467
-5.814256
-9.611977
4.041014
-3.265869
5.985968
6.591614
7.946934
4.305584
9.167144
4.961855
-5.733792
9.935365
7.701267
0.666542
-1.749367
-10.355382
-1.393193
0.402384
-5.426563
-3.323145
-1.506043
-4.762127
3.325985
2.516876
4.850075
2.784072
11.624534
7.282074
2.189699
6.436694
6.625581
10.920102
8.878692
-4.031628
5.594954
3.376648
3.653372
-4.187562
-0.281818
1.869415
2.486627
-0.981314
-1.489464
2.058707
-3.422530
4.705684
-1.849741
5.679718
1.778252
-7.792187
8.390641
-3.088697
-3.341966
1.427224
4.296265
-0.415351
5.140932
1.998817
-7.896229
7.780217
-1.287317
13.512609
0.015504
9.416319
9.467661
1.869579
9.150255
2.172571
2.177092
-7.804933
-5.030542
7.460726
1.685809
-0.832271
7.722856
3.654180
-2.568646
6.024093
-9.176304
0.236082
-12.132739
0.279134
6.641393
-2.961227
-0.799541
15.202084
-2.708781
0.978144
-2.030428
-1.187558
0.362322
2.679852
-2.109253
-8.764881
0.456024
2.002854
-8.370430
-1.808764
-7.164402
1.200826
-2.967190
0.705327
3.502260
10.631490
0.474038
4.322321
8.822498
5.740892
4.254065
1.042437
9.480232
-1.929779
1.039749
11.731749
-1.958075
2.316049
6.468114
2.780983
1.288637
-0.713199
-0.587338
10.418673
-2.207292
1.266747
8.161201
5.945920
-3.154976
9.587217
0.932187
2.591337
-9.532529
5.071866
-0.861676
-4.389819
4.820437
-0.245502
-7.975517
18.561489
1.736999
4.467051
-7.390087
-0.407735
-4.872344
3.085447
1.725229
-0.942706
4.462211
-6.515413
-3.472154
4.868103
-1.071706
5.967581
0.438500
2.900339
6.070269
3.409980
6.546129
1.606008
-0.078797
0.892996
-7.412911
-1.805723
3.220508
-2.225417
1.045110
5.021162
5.270578
-4.779270
4.290817
0.206684
-0.674979
-1.384940
7.255475
13.219342
-0.561690
1.756417
2.597846
-1.725943
8.785338
4.962588
2.603658
4.755360
2.102208
-7.234911
-2.860657
1.045314
0.373176
5.415740
-4.267500
-3.281588
2.643794
3.985582
0.739221
3.120566
-4.916706
3.396089
1.868512
2.902218
5.856203
3.117175
-0.299631
2.636326
2.277028
6.347524
-0.863314
-2.386846
9.552220
0.357589
-0.675605
3.354613
5.980692
0.115924
5.201680
2.705691
3.028701
-0.930315
-6.150313
-5.152661
1.026640
9.243625
3.094026
0.781677
-1.305349
3.056889
-0.481303
-5.117302
-5.176595
2.569675
7.684556
-3.561640
-1.506538
-7.004343
3.225703
5.600423
7.113020
-4.248123
3.642986
-1.588004
0.827587
-1.867915
3.679369
0.109184
2.474100
7.953904
4.215109
6.483417
3.482126
-7.484941
5.199025
-1.600042
0.706838
1.614919
-2.296164
5.404771
8.465371
-5.819323
-4.774534
-7.828512
4.316668
1.991796
-0.259137
-0.000182
-7.828876
12.753717
6.696535
0.602200
3.453507
-0.340522
0.638576
-4.768095
5.788833
-5.296499
4.669572
-4.911417
-3.028544
4.796712
3.241144
3.191427
11.911353
8.729631
-4.747075
0.278379
-3.387443
-6.813406
-1.850308
9.783010
8.123934
5.079296
-3.787225
3.274214
6.541378
-2.194265
5.064493
-2.546972
-0.460588
0.620968
-9.004711
5.514295
2.149181
7.628142
-4.845315
-2.481501
4.168205
1.628490
-1.565284
3.205392
-0.636005
3.906530
-7.505264
10.205017
-0.521443
1.632607
-0.226578
1.662889
4.193054
-4.352495
-6.300687
7.630482
5.153204
5.803441
-8.168672
3.725087
-3.605703
3.025006
7.083206
-4.423786
-4.752512
-2.221690
5.630700
-12.481672
-0.404143
1.562013
-7.205971
0.594372
-2.800876
0.905697
-4.493220
10.339474
-5.185429
7.559027
5.507619
-4.168046
10.383511
-1.321785
8.430601
1.006249
-0.879802
-5.891302
-0.666045
7.251175
-4.896590
-1.765027
4.090103
-1.130133
2.861851
-4.157473
3.871116
-1.541826
0.728988
1.039318
-0.426758
-4.737448
-0.162979
-1.664786
7.415372
7.033952
-0.144882
1.237823
-7.041373
2.724224
-6.148649
-1.961844
0.937657
7.530074
3.214756
-4.826998
3.404573
1.988466
1.078569
3.911570
-1.140100
3.527901
6.254981
-9.720553
-7.117968
-0.242956
-6.123672
4.064428
8.569526
3.631227
-2.610625
-6.762249
1.971281
-1.974241
4.094054
2.270322
2.229969
-4.129178
0.856806
-0.200658
1.334049
-2.508806
2.827357
-5.321290
-5.783673
-4.173327
-1.900537
9.354413
-0.893068
-0.503588
-3.191305
-2.897957
-0.144109
2.812363
-8.409052
3.084134
7.382923
-4.750838
0.450988
0.832537
3.789195
-7.909989
-1.756168
0.496459
1.395511
3.396100
3.689555
-8.677936
0.981358
-3.746888
5.090020
4.769773
2.185294
3.339795
-9.727560
-4.016652
-4.461360
1.643330
-2.438346
-0.882282
1.103730
6.735444
3.252205
-7.650327
2.488216
-7.183638
7.798714
2.704431
-3.025262
6.311332
-0.357728
-2.735813
6.467622
4.898844
-1.015124
4.645390
10.404560
2.226584
1.618243
1.907095
5.929220
-3.126189
-5.924128
3.776698
5.069065
5.266584
-2.879885
6.763143
0.193960
-9.028578
-6.167222
-3.339857
-6.656934
4.247380
4.031811
9.251460
3.241744
6.568591
1.432967
1.309263
-2.397266
-3.182893
0.222330
0.110691
-3.401572
-0.043420
4.065759
-3.831040
0.617200
2.133327
0.086372
-2.351859
0.215289
11.278904
-1.639008
2.256318
-0.479896
11.233156
-11.108765
2.261901
1.658046
-1.721796
-0.765275
5.722952
3.143283
-7.086356
-0.402198
3.532721
11.357167
-1.007468
7.783390
-7.846675
3.595552
10.458909
15.406149
1.892472
8.314043
6.576027
4.671607
-5.979647
4.882410
12.137277
-3.397785
1.760183
9.518906
1.416638
-9.740960
-1.530947
-14.645211
2.092170
-0.398491
-6.462366
-1.744393
-1.508740
7.713377
12.064562
3.755367
7.122817
8.444990
10.111900
1.311617
0.033151
-1.470780
6.119576
11.619862
6.270734
0.516919
0.698779
-4.008098
-3.913348
5.854452
-2.906470
1.979390
-0.235317
3.402560
2.022687
-3.833551
2.840281
-3.974852
0.890132
-2.624826
5.610238
-4.561191
-4.605766
5.073850
0.658777
3.954556
6.534540
7.386367
-3.217248
4.738536
8.999719
8.304469
-6.422691
9.705335
-7.752431
10.027759
10.820744
3.254441
-4.209845
8.677750
-4.663784
-9.340787
7.826332
-2.235950
1.274089
0.064590
0.475666
-1.556447
0.547138
-0.158504
10.343803
-1.946071
-4.005581
-2.401707
0.770740
-3.090667
5.288911
-1.872459
0.749962
1.004645
-8.848204
-2.911083
1.308193
-0.322258
4.188807
-2.048075
4.708687
1.605991
2.218110
2.687121
1.943921
1.034399
5.914038
-4.353567
10.579117
-0.953767
-2.016673
2.071191
7.853028
-0.818120
6.396682
6.157979
1.570676
6.788154
4.157841
-4.343619
8.470626
0.085024
4.419347
-3.461693
-2.250533
10.220202
-6.204134
2.093880
-8.068202
-3.035214
2.769460
2.078216
-7.322509
-1.467753
4.682010
9.152631
8.113517
-2.441978
0.679906
1.826070
-3.031342
-0.406548
-5.653885
2.997487
3.946577
-1.466008
-1.306335
-2.830414
2.461862
-3.607028
-5.111782
-2.133712
-2.260503
3.401030
0.060482
6.117756
6.644940
8.499928
-4.041733
5.063044
6.669820
-0.953937
5.447344
-5.035220
-1.381349
-0.706878
-2.331760
2.856824
7.712115
2.667805
7.520037
-1.828472
-5.156003
-2.307506
0.536855
6.677486
-3.725816
1.350570
10.696093
-4.147172
-3.151321
-1.633243
-3.814616
-2.527566
0.359141
8.888344
7.648314
-2.473722
1.221111
-1.677872
0.402042
6.188297
8.209628
7.507685
5.957418
0.500125
-3.618256
4.973779
4.436776
-0.487638
2.235903
4.421184
-0.457188
10.660521
0.401748
0.605438
6.726613
4.233325
9.054698
4.778250
-4.461459
-0.437398
-1.370209
-0.868816
6.955905
1.519113
0.867456
2.162238
6.262109
-2.055641
-10.201527
-0.927582
-7.566240
-3.701551
-0.570477
-9.327307
-1.877940
5.353258
-6.103337
-5.537717
2.699762
6.448945
5.125266
2.077779
2.661778
-0.768386
-1.390812
-4.542384
-7.865535
-2.583078
11.315982
-6.176067
1.394073
-9.498615
2.725758
2.487482
4.926160
4.584250
-0.397674
7.522041
0.364911
-3.158095
0.791320
1.764687
1.214747
3.774934
0.835617
0.165740
5.689584
-0.674160
9.777661
-15.331777
-1.171006
-6.160792
1.283642
-3.512364
1.233878
2.514230
-11.036989
2.053401
-4.944683
0.933616
-1.371262
5.403021
9.480967
2.330339
-4.116248
5.272264
9.831719
4.536789
7.886201
-2.442528
-1.133482
1.664409
-6.518833
1.839041
7.062886
-0.009316
1.328630
6.486543
4.611410
-3.467589
8.889404
6.553107
-0.563792
3.491824
6.369776
-6.011019
9.649465
-2.064334
-1.318023
0.895782
0.990052
-1.784880
6.802974
4.355514
8.602702
4.698375
-5.893656
5.765178
6.399609
7.174451
-0.026462
-0.267322
-8.310015
7.410622
-1.954500
-3.624990
2.005114
7.107424
4.442704
5.351319
-1.143863
-7.359138
3.995460
-8.407679
4.757502
3.929316
-0.168030
4.177438
11.446883
3.972631
4.811544
6.552833
1.828348
1.274194
0.583361
1.642217
5.365731
-0.619272
9.297476
1.581069
11.438284
1.274482
-0.566861
5.585133
0.008338
7.648574
0.569745
-4.190971
-4.777728
4.760565
-3.474055
-5.353837
1.329207
5.016088
7.361224
4.807911
-2.266730
-5.091896
0.063778
8.468401
-3.499835
9.184755
5.505875
5.643575
1.212138
5.973916
8.552325
-0.400845
1.302164
-0.988469
6.693488
1.825554
-0.059964
-4.198909
0.249900
-5.168856
9.078291
-6.702727
-6.292407
5.614843
1.640705
4.488228
2.725636
-3.703606
5.708417
-0.645144
4.929845
-3.944733
7.116225
-0.630418
0.512790
6.979136
-2.151666
-4.591009
-3.479001
0.604585
0.003909
-0.129642
0.253837
5.125017
10.639067
11.378602
0.701023
2.470585
-2.927548
-3.859556
-4.116183
0.615873
-2.095471
-0.530800
6.420339
0.919388
3.571340
0.067444
-2.903091
1.216812
-3.596824
9.658449
-1.417218
-0.276294
-1.771735
-1.513566
5.065535
-4.735480
-1.385196
3.273081
2.566821
6.376112
0.310156
-11.100987
-2.652704
1.161602
2.214820
8.506537
9.099879
-11.935451
5.010431
-6.337798
-1.264643
-5.814388
-0.951696
3.653600
5.899143
3.474685
5.142454
5.911544
-2.528305
5.370665
5.570661
5.321091
1.367935
8.204927
-3.861331
0.895500
0.534058
2.977864
-1.386154
3.841301
-4.598731
2.746582
2.713145
0.606609
0.211785
-3.288574
-9.078140
3.833712
6.417645
-6.183430
-4.357292
-3.977808
-1.736476
6.722005
2.291704
4.462001
-2.929643
1.761700
-3.289862
1.300331
2.376164
0.082974
0.909078
-2.759562
5.375614
2.262610
5.422827
-5.444500
2.545840
5.370604
3.634082
3.759577
-0.749652
5.369715
3.146639
1.753196
-4.455788
2.782916
2.905638
1.014659
1.206313
3.171808
-1.544234
2.805634
-1.115649
1.644923
-6.731106
2.550257
1.338201
-2.953925
-1.214216
-0.894485
2.252606
2.921260
8.621855
2.545847
-4.743907
-5.906567
2.842280
3.665292
8.179291
-1.993711
-1.136339
6.451068
-2.347635
2.885600
3.821419
4.953021
-3.664322
-2.600238
-0.871972
10.409933
7.729969
-2.136388
-11.475159
-3.119150
2.462949
-8.224368
3.493979
-6.902816
-4.189921
0.270837
10.228888
-6.941208
-6.084186
8.406480
-1.112793
-1.161292
2.869472
-8.951159
2.797885
5.591157
-4.740915
7.407503
1.104580
3.303969
-4.775382
1.954833
2.781660
-0.542413
-3.552078
7.631303
-16.504441
2.720049
1.394480
2.350796
-0.516287
-0.925148
-1.508246
4.803755
-0.255169
3.489515
-4.162721
5.954151
0.372536
5.002652
-5.849555
10.468241
-3.261081
2.601557
1.429335
0.829829
-1.712642
-2.792520
5.073144
9.345234
3.326482
-1.635492
-0.046647
-6.804794
7.163975
4.162982
9.934945
-2.870217
-0.987441
0.640730
5.765834
-1.778751
-5.478956
3.125894
-3.452070
1.470135
3.991474
-0.681318
1.706741
6.726781
-8.038108
3.174853
-7.987298
0.134827
4.941964
10.509120
3.605459
1.877249
3.667655
7.912804
6.815734
10.053313
0.499440
0.935976
5.136019
-1.661793
1.924434
9.624597
-8.735616
-2.372095
0.105158
0.963669
-4.420634
10.078117
-3.409120
-6.878357
3.417890
-6.121859
5.810472
-2.204646
-1.199590
1.730828
4.286686
-0.829848
1.416067
-7.569004
6.151240
5.935321
2.199894
5.223429
9.546569
-0.538957
4.115170
5.560372
-1.135447
3.947500
6.141453
-3.852180
-8.194102
-10.228372
-4.084824
-4.621814
4.826600
9.631951
3.704345
-4.680768
0.439419
-4.059530
5.167110
4.458961
-0.061882
3.756326
5.017773
0.366374
3.028259
-0.436561
8.871356
-2.450578
1.248442
-5.072596
-0.041632
11.211029
2.121541
0.735392
-6.019019
9.726425
-7.401050
0.649231
-0.367313
5.853845
-1.509236
-4.253698
3.875666
0.016037
-8.947672
9.265661
-3.769208
-8.497746
-3.373193
1.944736
3.756021
4.010823
2.014943
5.230416
-3.245519
6.194859
-7.935612
-0.430324
-6.040652
1.591484
3.218518
-1.050478
4.591378
4.673800
-1.373018
5.538083
9.865201
-8.629694
6.513129
-4.525763
3.301764
4.212079
7.908140
13.497577
-4.158688
-4.303167
3.885302
6.941584
-10.169994
5.286028
1.062367
7.459209
2.787655
4.024992
-0.305141
-0.877442
3.368850
2.031019
1.016475
3.135985
10.497666
12.146280
-3.932046
4.169111
-3.150312
5.593391
10.334581
-1.366176
-1.554921
-2.722155
-2.581646
-3.269023
7.143520
3.827522
3.183093
8.357540
-1.263203
-14.092655
7.493452
-0.956819
-7.250920
5.589643
-0.773063
-2.346851
5.194653
-4.843657
6.676540
-11.087867
-3.232968
9.002047
9.666476
12.819434
3.714446
6.825758
-2.197315
-8.292422
-1.925611
-17.513940
-1.324347
2.738680
7.092356
0.868017
7.291978
5.677521
5.211328
-6.995943
-4.410077
2.980822
6.533578
0.350601
-5.992191
4.060791
3.859572
2.721863
0.786003
11.597124
-6.584246
4.291704
-1.539906
4.282144
-1.870425
7.794161
7.660107
2.584544
1.806058
7.618273
3.002062
-7.727178
0.389583
-9.500335
3.411168
11.829597
7.024810
-6.628827
7.271042
-2.588662
-0.034620
0.066749
5.726853
-5.575253
2.453414
3.044446
6.100044
-0.703299
-0.623504
2.673309
-3.233664
3.698113
-3.900837
-7.731336
11.289304
-8.774645
7.500828
-0.958478
-0.013378
6.253705
5.882431
0.088492
-1.309288
2.034699
6.643340
-5.023034
0.643066
0.814452
-0.939957
-11.990065
4.445246
4.346723
-1.798012
-2.925621
8.551419
-4.052394
5.890701
-2.266127
1.028695
-1.803734
5.735226
3.347887
2.331905
-2.842801
1.131560
1.334183
1.352071
-2.929296
4.018307
2.593022
9.559985
5.477942
0.407848
5.100458
3.983396
1.389591
10.097994
-0.205616
5.574569
4.945767
6.351229
1.896037
-0.712875
-5.776696
2.598863
0.968998
7.158552
1.047406
4.240991
-2.368337
-7.635216
3.721910
4.909469
3.171300
7.711470
-6.321718
2.175936
5.622147
2.001045
-8.148047
1.696809
0.926419
-2.132326
5.182292
1.042594
4.219359
0.141034
6.396262
6.059954
1.191312
3.296257
-2.377189
4.811606
9.630539
4.892635
-1.452926
-1.137134
11.698920
1.906797
1.122274
-4.430505
-2.477787
-1.622134
-8.074963
8.787405
-6.215446
1.600217
1.637308
-2.711989
-2.256551
9.029791
0.462124
0.980498
-1.232996
1.238850
5.082540
-3.965749
7.543371
5.384009
6.869251
7.245386
0.523639
-1.852144
-6.300281
-6.946119
3.699648
7.733793
2.025044
-7.331625
-1.883697
6.790120
-2.531202
8.697836
7.081939
-6.294046
1.614083
-1.023512
5.570760
-5.201223
1.335214
-3.314609
0.098568
-1.285236
3.694600
1.385121
-3.003770
5.082238
-5.253802
6.421281
8.927886
2.165056
5.781263
0.463043
-4.245359
10.248486
-1.110568
0.938034
4.065700
0.787827
-3.384728
1.785641
2.004912
3.795157
-9.006747
14.427434
1.337035
-0.380370
10.943213
5.455810
11.926240
8.526547
4.909268
4.501280
-4.437215
3.133580
2.792625
10.762337
-4.526949
5.886052
-6.789816
1.611585
-0.516887
1.938294
2.996812
0.984760
-4.239130
-0.375505
-2.671729
-0.426314
-0.829538
0.748189
1.608993
4.042829
-4.096374
-0.993348
-0.696492
10.795741
2.756728
3.821317
13.374536
2.302165
-0.172409
-1.085942
-7.693765
1.929044
3.806274
-0.101653
-1.748661
-8.889235
-0.487209
6.925167
5.097976
0.310937
2.616670
7.760500
4.728320
0.889270
2.170369
16.274847
5.469458
4.656267
-5.281185
-5.978658
-0.987735
-1.921023
4.460966
4.664376
0.863449
-0.788401
6.108783
14.906430
4.058620
3.525587
5.553578
2.119593
-0.060147
1.167865
-0.447651
1.218504
-3.012474
2.903349
2.348552
11.599060
8.272237
-2.870838
8.103962
-1.524654
5.190694
-0.411272
-2.862269
12.472185
3.840533
5.985265
3.754313
2.415648
5.244265
2.126144
-6.170452
-4.219431
0.549267
1.204995
7.657676
1.504757
8.337667
-2.226731
6.176068
10.386791
2.566939
-0.195610
-4.634502
-6.691640
8.120975
0.735317
9.525368
5.611756
0.384513
-1.875475
5.659731
4.998460
5.063298
0.431478
4.943022
-7.175049
6.265625
-7.117375
8.420588
7.180268
7.525500
0.005838
-6.294426
2.780649
1.320403
3.529688
3.214085
5.211057
-0.236464
-7.979529
2.072859
-1.498511
-3.926180
-1.696019
-2.197735
2.977758
-2.758770
-3.437469
6.667357
2.654483
0.670660
0.666450
4.411849
8.325977
4.847672
3.246765
1.588018
1.649024
-3.832060
2.354636
9.193599
-7.690332
5.027254
9.222512
8.950927
-8.421556
-1.599645
9.122399
-2.883149
8.128657
-0.872414
0.064609
-0.691081
-1.795444
-4.840022
-3.262168
9.857652
-3.891066
-5.639242
-5.262743
-2.031740
2.869524
-3.311581
1.800756
0.697161
1.539717
-0.271063
2.112852
1.889716
1.547200
9.241724
-0.542930
-4.002265
5.842098
2.634005
5.524482
-3.429104
0.492937
-3.565420
-5.804475
-5.040815
-1.017572
5.166856
4.821935
10.987217
1.684757
0.098620
6.546341
7.422278
4.049434
6.516895
6.749125
4.175676
-1.650919
5.194072
-0.273405
1.428092
-3.478272
5.315379
0.934656
1.581828
-7.534291
4.771618
-2.010598
9.833897
3.382781
-0.363165
2.265099
-10.805049
3.305971
5.281283
-2.401400
7.863418
-0.282958
3.142621
2.386578
-0.651993
9.603137
4.064646
4.151252
1.791569
-5.646694
12.574649
-8.957466
-5.197870
-3.791553
5.303436
-1.437531
-0.749502
-2.966211
4.316153
-6.274998
-2.945570
0.846666
0.430322
8.123520
-2.801019
4.566709
13.261792
0.941457
9.804482
3.705944
10.102644
5.209341
-1.456715
-3.660170
4.784730
0.596612
5.425992
6.180039
-3.336725
-2.637924
-4.500458
-2.195778
1.760796
-5.905330
2.470168
0.430924
2.279580
7.484235
2.963670
0.809127
1.722586
1.115040
6.958658
0.579427
-0.180373
3.913694
1.366953
9.467611
-2.532033
1.304881
8.956746
4.444964
-7.308946
-1.071153
0.912003
-3.574927
2.643599
6.089984
3.926777
-7.977609
7.430297
9.977782
0.733330
5.720747
-6.217300
10.191523
-2.553437
6.800375
-4.141711
0.100383
-11.034074
-0.755982
-0.567589
-5.044179
5.869384
2.683848
-3.522925
3.337961
4.966370
3.952166
-1.484377
2.437368
-5.139694
1.205932
-1.243979
-7.067003
-6.276279
-2.468110
3.763907
0.826141
-5.402748
-2.172992
-8.962986
3.921490
1.268333
1.985131
10.232966
-1.264773
-2.981197
0.748623
-2.921693
4.610383
4.198212
-6.194532
-4.164906
-2.516512
-0.236947
-2.058166
3.008988
-0.268335
-1.173810
0.882622
-1.802307
-0.424811
3.912266
9.733168
-2.706078
-9.375068
-2.224258
4.427672
1.561227
3.064875
9.958457
-0.999708
-2.415823
-0.654062
-1.472936
3.543818
0.151096
2.097172
12.202100
-6.202392
1.811158
-0.147897
-6.793558
-7.529996
5.878437
3.073403
13.355404
-5.127475
5.168843
0.685132
-4.325025
5.582414
-4.761070
3.905605
-0.201147
4.037685
-0.517408
8.321532
1.450889
11.459204
0.258697
-9.205433
-0.038701
-4.464569
-3.882987
3.021583
-8.434576
10.803316
-3.102141
-5.405386
-9.440416
5.969732
4.806604
-0.284630
-5.315435
10.038483
-0.781295
0.170245
4.990693
-2.396397
-2.354152
7.259536
6.289410
-0.084165
-5.558611
5.047616
5.054828
-0.128260
0.878733
2.549843
1.924414
3.919267
-2.276000
1.640715
-1.349575
-3.498473
-4.354540
-0.901502
9.369515
-0.562504
-8.770667
6.822075
11.291433
6.487635
7.792249
-4.419800
3.373260
3.700271
11.238533
-7.676538
0.893409
2.934910
1.689632
-1.530264
6.582171
0.765002
-5.716752
1.490223
-3.016647
5.542870
1.042721
1.442439
0.639583
-12.706087
-2.560217
-3.310307
0.656835
-0.369171
-3.253200
3.471754
3.983212
-0.505502
2.409177
4.778749
2.378679
-2.591748
4.758792
7.769542
-5.871889
1.094663
-0.019202
-0.708781
-1.586633
7.210118
-3.010181
3.303449
2.270499
-4.051345
5.996627
-3.659987
-4.988994
11.407490
5.657555
4.173508
5.495536
2.646513
6.897003
2.038653
9.095132
4.120196
1.511412
-2.076776
2.909608
-3.035376
2.355481
-3.499044
1.011816
0.494994
1.071726
1.053738
7.934759
-2.091206
-1.412209
-6.284286
-1.380351
3.785202
6.463974
-4.804325
7.371897
7.258943
4.442287
-10.312843
-3.643805
-1.959361
8.901630
4.238592
-2.051199
-1.356842
5.113842
1.366929
12.108477
-2.350241
-1.785433
8.958626
9.464863
-1.645605
3.068689
-0.598952
-1.266934
7.493719
-2.869482
5.930931
-3.169979
-2.055784
6.207672
1.178700
7.128081
7.740038
-2.381518
-4.432728
10.300737
1.234806
-1.208888
-1.511099
-5.599978
0.618409
6.287507
0.775077
1.629936
3.207245
4.295204
2.436041
1.459408
2.061846
3.461402
0.118158
4.079348
-4.241496
13.074368
5.315898
3.466706
-5.755055
0.539840
-1.026779
1.755990
-0.292310
4.133485
-8.806919
-4.637083
7.478380
0.979061
0.144252
-1.447915
9.978924
-0.331879
10.941632
11.299299
0.542936
-0.506169
-6.907795
2.164722
-0.844353
3.074813
0.685073
3.807016
1.020255
2.885660
1.766457
-6.571536
-3.842333
-0.405753
2.473384
4.248077
5.090761
-5.573922
-1.100144
3.921677
3.911435
1.406711
6.222894
4.647972
-5.851150
-1.356815
-4.013565
4.682105
8.917487
4.804680
2.615800
4.335009
2.034895
1.459243
5.802785
-3.005371
3.040262
2.583583
-6.039302
6.514690
14.058455
-3.931651
-4.270374
4.081837
-1.801835
9.541542
5.125365
-4.797100
-3.815269
-0.255763
3.416151
5.167300
-4.806477
-5.254766
0.700385
1.733339
6.586658
7.322158
0.319182
6.800536
-5.160905
15.598946
6.704257
0.277764
-3.398360
7.338054
-1.308325
4.690221
1.311109
7.797043
6.474868
0.635375
4.401579
13.784908
6.565397
-3.373874
9.303886
7.510173
-2.324437
-1.643505
1.585928
1.894939
2.295990
3.513335
-4.867169
-0.648681
7.011156
4.763861
9.035381
2.434196
0.525361
2.422461
4.081905
6.105246
3.761851
3.775220
1.641790
4.734448
4.088553
-6.307607
8.694715
-0.711756
0.058286
3.004515
-2.260995
8.844335
7.965541
12.133562
10.490660
0.594046
4.831268
4.443245
-0.581476
-8.414760
8.174290
-7.402638
-0.284987
5.952653
4.307711
2.858352
1.857446
7.355842
-1.256722
7.972981
-3.697444
-4.685969
3.678064
7.957363
-5.164555
-1.452884
-0.153737
-1.440360
3.670031
-7.832685
1.172492
2.504562
3.007921
9.186607
0.286388
0.856841
-1.383222
-3.252476
5.133441
3.107474
5.197082
0.918837
3.267715
11.652108
1.988885
-1.696520
-7.261535
2.115871
-1.523083
-0.557804
-11.457488
-0.503896
6.448999
-4.326879
-3.344145
5.713103
1.310489
8.789109
-7.892990
-7.493485
-5.185250
-1.050695
-0.360800
0.132189
0.223349
5.344242
6.816046
5.292378
-1.113162
1.929743
-0.453002
-0.294324
-1.250746
1.091212
3.824985
4.321195
-0.570371
-2.526185
0.584293
2.707348
11.627843
-3.545578
3.617782
-10.603599
1.490812
4.277304
2.624887
1.688412
6.786808
-3.220425
-3.428652
6.096361
7.993462
3.546678
-2.355695
3.300933
6.004615
2.123569
6.552949
-0.499528
-6.502514
8.813937
-1.867665
4.195556
4.776741
2.067317
-4.445875
4.817479
-0.142909
2.577549
-5.675316
6.087801
8.429920
3.418876
-5.914709
1.834273
3.320557
1.737014
6.278451
-3.395599
0.264812
0.943336
6.262818
2.320465
-2.661138
1.117359
-2.746879
8.208130
3.503272
-9.159747
-5.459987
-0.721963
-5.863981
5.942203
-2.113367
-0.140394
0.245767
3.787163
-7.082789
0.787259
-0.843690
0.065899
-1.958835
1.879194
-3.376506
-0.038329
9.620413
-2.321492
-3.477251
-3.886070
-4.857294
5.795765
-5.839413
3.353969
10.191020
-6.415569
2.364320
-1.337397
7.321483
4.118107
2.770901
-4.685128
5.885833
2.692885
5.576784
4.228445
0.565097
7.894645
-2.020562
-1.801957
1.945774
-5.181055
4.760327
-3.274758
0.585584
1.246520
4.438825
1.975796
5.121436
3.114105
10.338103
-5.115027
4.552419
-0.802050
1.637483
-1.066857
3.579839
2.942954
5.017849
-3.515741
1.030884
-3.060067
-8.586933
8.112317
0.588881
1.731142
3.430259
3.614273
0.494402
3.298537
-0.959493
-1.761625
-1.778176
1.855140
4.018522
3.921427
-3.597553
6.543697
4.676469
-0.258202
-4.108041
-6.980446
-7.306344
1.381929
5.389133
-2.321102
-6.741434
3.029328
3.707965
1.997758
-1.778711
-4.351406
1.280144
1.705276
-7.401096
-0.768186
-3.688314
1.078497
4.641176
-4.941758
-1.579350
7.863285
7.041741
-1.156760
1.627272
10.725640
-2.386742
-2.385709
2.188281
1.547189
6.902420
2.737042
2.730464
6.744014
7.642959
-0.998941
-2.921739
-2.517344
-1.147771
6.698892
10.868511
-7.228971
1.655163
-0.185311
0.559843
-3.516311
0.504947
4.098682
6.951841
5.054241
-7.173868
-5.315176
6.326697
2.302752
6.016626
4.030751
11.048831
0.196318
-0.637681
3.114271
5.160853
1.968841
-1.728024
-6.195767
12.270584
2.534444
10.173625
2.626194
-1.236019
-2.496266
-0.931515
2.842422
-0.504763
0.806774
4.749818
-6.533910
2.627298
2.729099
7.985870
7.316970
-7.038502
0.890528
1.592726
1.587928
8.499571
3.547046
-2.089311
0.446081
-0.669517
5.263094
-3.177538
-1.292549
0.661620
-0.456188
6.037986
-5.875087
-2.035895
6.891043
-4.808830
-3.997905
-3.530546
4.094420
12.499408
-0.790475
3.129644
8.585280
5.863696
5.243821
3.015932
1.790455
-5.886192
4.245074
-1.763211
0.521348
-0.742382
-3.770385
1.897188
5.471711
-6.972134
4.797640
3.593452
4.361908
-5.735007
-2.975737
-3.293040
-1.447415
8.460845
-1.009766
-15.575915
-0.618482
7.358014
5.085859
-4.619058
0.538769
5.117626
-3.329042
13.298282
10.628118
-1.839738
-0.570324
-3.326352
10.210598
-0.704160
6.654029
-4.747229
1.613066
-6.356894
5.353374
9.537388
-4.326824
6.279362
-0.874578
1.110870
2.007634
-1.394319
7.090639
2.299377
-0.560396
1.936403
-6.481008
-1.910776
4.334948
-2.373705
7.958323
-3.465898
0.672287
-0.238986
11.205608
6.557076
4.162978
7.334622
9.920845
-3.839387
7.390371
6.416999
2.166881
6.560870
7.763568
4.270215
0.570257
11.989940
-0.635773
-1.501483
1.035618
4.660252
12.051445
6.651920
-2.182789
-4.529287
1.899724
1.011230
11.128222
-0.160511
9.622209
9.119118
6.142503
-3.021562
2.108245
4.833303
-1.095826
7.156913
8.939321
-1.315962
4.680470
-5.645088
-2.651291
-2.813501
3.498604
2.441060
-2.792916
-0.173193
-2.100543
1.781035
2.395814
-0.353576
-0.258290
8.597280
4.207643
4.000596
5.600591
1.836718
6.906118
-4.074574
-2.281857
-3.812681
-1.243203
3.976278
2.521639
4.021853
-2.119713
-5.449911
-1.137315
6.206025
-2.984130
-0.968102
5.964726
9.590223
6.634505
13.478689
-2.828433
0.190416
-9.322423
4.489733
-3.201283
-1.881011
-1.914443
-7.363516
-1.738052
-1.632136
2.892576
2.980217
2.509635
3.536545
1.234352
-7.078175
0.509977
-5.875250
2.978604
11.844332
4.728695
10.415338
-2.088904
6.662164
7.343885
1.313618
0.708219
2.170411
7.050196
0.010905
0.832787
1.781612
3.973544
5.923878
6.150323
4.966152
-0.853823
-5.223409
0.420058
-4.431231
1.815972
9.785514
2.367631
6.344664
3.308634
-0.316247
-3.795457
4.783190
-4.596321
11.204118
-5.278478
-0.576951
5.683941
-2.121829
2.134122
-0.728689
2.746887
-6.536063
-0.217676
2.768148
-0.056513
2.710745
6.085790
1.410501
9.072741
2.720112
7.575920
-3.382453
2.178682
12.042781
9.052983
-5.192328
-1.825777
-8.966510
-0.396488
8.663913
8.347104
-1.698047
-7.466226
-3.007897
-4.720337
6.460163
-1.124066
3.075902
3.938325
-10.822411
6.371923
1.957395
-5.471272
0.092641
0.182074
-5.757616
-2.659034
-2.602077
3.552781
4.865949
8.750828
-0.387216
-4.647140
-2.457122
9.784961
3.739099
3.910407
0.889905
4.694336
-3.412393
5.743679
6.976114
9.303440
2.989787
9.662155
6.782492
-3.653931
3.082499
0.011971
9.857501
4.544215
-3.995331
6.382265
12.926359
-9.158720
2.137792
-2.065458
3.902584
4.248140
-0.027761
0.324184
6.816779
-1.470398
6.375482
3.139567
6.134996
6.577685
7.327590
7.968420
-0.982708
-2.203695
5.926484
1.159742
0.869179
6.181310
9.287289
0.608300
3.759635
-5.648422
-7.205224
-2.173256
11.487346
1.403396
-0.404471
3.569847
1.468808
-0.472993
0.399652
2.905481
-2.837951
-9.725634
-2.382947
-2.748321
-5.075122
3.839689
-4.339776
4.519463
6.787941
-2.704320
-5.008881
4.712141
-2.082300
7.764866
-0.564132
0.383266
3.446804
10.339583
1.568609
0.419668
-6.159523
1.435671
0.896259
-4.710884
-3.450104
2.609567
-4.595762
-0.331941
2.159194
3.998744
3.853951
8.886326
-1.861930
-6.895171
4.477582
-0.740430
-7.945991
1.937458
13.136594
3.278554
14.624897
6.182006
1.188496
-5.560704
-6.495553
6.796356
2.663045
-2.804067
3.805944
-13.078392
-6.750591
-4.350060
1.507238
-9.868854
3.606945
3.340633
-3.988985
6.920518
2.794689
-1.284284
5.256532
7.102837
3.111996
3.919916
2.606284
4.915997
2.346375
-0.108616
-1.952409
-0.565870
-0.407165
9.499621
0.004781
15.103958
-7.073081
5.273281
-3.859852
3.551662
7.456960
-1.089367
-2.832257
-6.054715
-4.715438
4.034828
0.311455
-2.171025
1.475736
4.825486
1.133513
-3.976139
2.989563
6.476563
12.781610
9.230804
-0.952118
-10.336479
-1.287102
-3.045695
2.784347
-2.355380
9.041136
1.980147
-5.223520
9.029115
4.141119
-1.394923
-4.070701
6.279179
2.773120
0.936725
-0.783531
2.655532
-3.020842
6.372171
5.921970
-4.123957
5.808061
-2.712708
6.488455
-6.787761
4.170497
-1.425961
11.584424
2.909739
-2.702977
6.100273
-11.651196
-5.028831
4.783075
1.494236
4.983500
-0.105290
-1.228811
2.569701
-1.817426
-6.572900
0.555066
-0.710509
7.000389
6.919630
-2.663631
12.071988
-0.046334
3.389997
9.638070
1.590807
2.151267
4.161534
-0.859902
10.117021
6.697818
-1.211158
4.816087
-7.011429
6.279516
-1.355836
0.129430
-1.302071
1.139066
8.804163
7.539539
-2.993635
0.687589
7.040918
3.632711
-5.368198
-3.732351
1.172588
-1.636650
4.623771
4.861218
-0.735205
12.820996
0.441434
-6.137924
-7.924668
1.457884
-1.709929
-6.620762
7.353443
6.562389
3.622985
1.290358
-0.388666
-5.714642
5.456313
-2.261052
2.979552
0.748602
0.254420
12.097486
2.897977
-1.655139
2.620537
12.646572
6.114666
1.948676
-5.773616
-0.073898
-5.466913
-4.435914
1.909654
1.523520
-0.317410
-2.445719
1.978227
-2.069892
-3.839816
1.169239
1.940179
3.278668
7.867778
5.283284
-2.001526
1.223472
1.352779
5.461995
-4.294042
4.977372
3.724298
-5.205796
-4.409371
11.356672
7.956374
2.625915
-6.668054
-1.994102
3.140004
5.817171
5.477224
2.297189
-3.884476
5.620658
2.665142
0.121006
-1.675064
5.404031
3.749719
-0.390647
6.868247
-0.463569
5.479296
0.045032
-4.522183
6.579283
1.129459
5.877511
6.739291
3.547589
10.275558
5.371098
-0.304071
6.171472
6.014332
4.882899
3.462530
4.780864
1.208244
7.118598
-9.613389
4.753275
-0.010129
-1.107131
-3.857781
3.093105
3.188665
4.927539
-5.301624
0.617328
2.436044
-0.756865
6.197676
-5.325585
2.355010
13.795712
-3.635083
-2.325687
0.567718
8.367345
0.912742
1.714708
-2.254393
-9.212445
2.452737
0.117293
5.977101
-4.032496
-4.074787
-5.968386
9.884248
-1.458090
-3.809135
2.640485
6.569578
6.289437
2.658545
1.452260
3.244656
-2.684125
3.955209
-0.598458
-1.981644
-10.217886
-5.452400
-3.676584
2.875355
3.793319
-1.136470
-1.716665
-3.332401
1.524895
-0.351851
10.319113
-3.620300
4.079078
5.113225
2.289031
10.492611
-2.367208
-0.560882
-6.574326
5.198439
7.337986
-2.772767
0.412188
-6.151017
8.508422
-0.823120
-0.045322
-1.103141
6.213051
3.806672
3.752511
-5.268916
5.054136
2.180857
0.024463
5.155249
7.943771
6.695490
5.123299
4.014890
-2.772023
-2.771640
-1.579068
-4.217059
-8.856468
7.466012
3.406158
-0.663074
7.715093
8.223919
3.415586
8.514239
-0.516587
-0.739534
4.108755
2.200217
0.762757
4.868808
-2.800462
-6.046451
-7.129785
-1.352491
-3.988753
0.418415
6.639433
7.696667
2.241370
-0.730608
0.555839
-1.661034
7.988309
-5.599837
-0.718650
4.754536
6.268844
9.938565
2.290266
4.040863
8.559930
-2.292590
8.018484
1.487833
-2.388239
3.266791
-1.536058
-3.597369
-2.069857
1.281886
-2.580911
9.100135
-1.161049
2.035784
1.803604
-3.868641
-5.571619
0.513966
9.224698
0.327120
-1.543363
-0.324447
-4.087693
-5.058741
6.250688
-1.863786
-3.762105
3.902407
1.334837
-2.827498
11.250196
9.098809
-3.673566
-6.905158
4.550299
-1.026776
3.040253
2.892239
-2.740212
-2.651602
-0.973150
5.435901
6.470142
4.997157
4.159959
-5.859009
-0.693264
-0.804079
6.815557
1.549933
-0.040803
-0.407156
6.266793
-8.586794
-3.132774
-3.251083
-0.055739
7.534524
2.359801
5.541026
1.435985
6.253944
-4.678250
-1.256148
0.631139
-1.203615
2.685715
0.332285
-3.094817
4.592140
-2.390980
8.353094
5.622854
12.124863
-5.409034
-5.138332
-4.428330
3.752311
5.756810
3.331660
-4.252163
4.668734
9.504395
0.125865
-6.499985
4.711260
2.554077
5.410458
4.476335
0.151228
-1.720133
0.902588
2.130239
1.698042
8.878963
1.384690
12.093332
-5.450770
2.308559
0.969588
12.778452
-1.303430
-12.342771
4.351373
-4.786579
-0.506158
5.629527
0.369898
4.118845
-0.633274
1.402473
11.015019
4.084441
-1.817861
-1.008947
12.832922
7.475835
-0.510373
3.319015
-8.059858
9.073828
4.193453
1.757893
5.563212
-1.209311
-0.433622
-0.726846
7.272581
-2.948104
-4.711790
-2.628861
0.248657
6.116283
-2.519374
-0.134639
-3.113209
1.620007
3.876057
-5.168189
-0.021542
-0.775433
1.140340
-3.011479
5.085344
5.144674
-1.810880
2.081921
3.947206
2.154238
-0.701710
13.782810
5.165183
-8.430689
-4.790525
0.647248
0.833175
0.261658
0.726907
7.313228
8.418641
-1.692498
7.630029
-8.188815
-0.991724
0.556696
3.235032
-2.700973
-0.673333
8.862834
4.845468
8.011504
-2.311368
-1.892665
1.208850
4.688990
-10.117656
8.878255
4.060273
2.931013
-0.700939
0.796026
2.918554
1.087661
-0.472788
-0.202861
-3.438167
6.877756
-0.723707
-1.998768
6.856729
-2.283474
-5.890273
1.380887
5.573278
-0.514899
-5.374047
-5.208888
6.551436
-1.491225
-1.142044
6.535445
10.225638
2.533187
-1.021646
2.663619
6.463983
-2.790428
6.625295
-8.865860
8.448819
-0.378273
7.237476
2.648324
-0.023594
-7.795496
1.237206
-0.507237
-1.421957
-0.470343
3.941902
-5.150787
3.248078
1.788551
3.780478
3.697877
0.352834
5.969246
-4.715977
4.614106
3.855092
1.412680
-6.027138
1.047853
-3.126466
0.647182
-3.824692
0.851554
-0.079048
-5.213228
7.654373
-3.367905
5.019835
7.770255
1.113090
-5.787157
-3.089343
10.417599
2.211891
4.250102
-2.472694
4.965484
-0.585515
-0.639692
1.482601
0.413027
-8.284007
-7.631672
1.844589
-0.367856
1.875635
-0.738190
1.956310
11.954918
-1.750448
4.308925
8.065163
9.728565
-2.147472
3.876107
-4.372001
4.234967
4.295443
-0.452114
-3.091578
3.231877
2.030334
-5.940734
-0.134463
5.610966
5.587747
5.742173
2.487627
3.273113
-1.646618
-1.333143
4.280327
2.436649
-6.119179
1.146446
5.544274
9.590350
2.270654
-13.262492
-1.613899
-14.462694
9.306270
-1.220417
5.233469
11.064318
-2.556450
8.494353
-4.857010
1.640670
2.089534
6.289035
0.827476
4.070596
-6.622585
-7.084027
-0.903260
1.209305
8.984348
4.177833
3.477811
2.821403
12.641897
6.901868
6.171425
-0.687095
14.069932
-0.152214
-0.462673
4.544861
4.650060
-1.841954
4.904388
0.626693
4.647724
5.680023
11.876707
-0.737345
3.601159
16.445654
6.081661
-1.106132
7.575929
9.126584
0.082271
1.911146
3.455798
4.070974
2.855833
10.210463
7.170034
11.220967
-1.611315
5.394382
-4.114383
-10.981257
4.222080
-2.047347
-0.970681
4.265196
8.341393
1.170718
-3.584693
2.858328
0.317452
-0.644591
2.039567
2.246355
0.763497
-7.391801
2.038766
7.078236
2.244419
5.702278
2.083374
5.403847
2.876082
2.046548
-0.818346
-4.640934
8.674318
-6.442512
5.113889
7.458485
5.880054
5.258483
-1.603926
-2.714188
8.183791
7.003640
11.435015
5.473778
2.904518
-3.239050
-0.453193
1.851161
8.986565
13.490333
-5.704462
9.692755
5.615973
6.193512
1.517119
-0.574814
10.857197
-13.433729
1.071509
4.792312
4.039977
-6.876151
4.133655
1.075584
9.270258
-5.446107
-0.074632
-1.622530
0.011702
7.350334
0.012047
3.138980
-0.110169
1.244247
-6.437124
-6.649584
1.337562
-4.630059
-0.966463
3.107066
-1.072028
16.398251
-0.165657
-3.972549
0.322166
7.391138
1.012825
3.040904
3.803539
7.019180
2.515397
10.299572
-4.330035
6.213200
6.780371
5.316619
4.552524
4.497319
-0.451111
4.969943
-8.248805
8.937935
11.117849
-2.225513
-0.069110
1.921634
-8.849249
0.006698
2.311123
-2.790849
4.454311
-1.039704
3.337609
-5.274934
-1.478546
2.292074
-2.172767
5.321346
4.913471
0.490938
2.399553
8.006052
12.797420
2.914954
1.412789
-5.223807
7.173790
-8.667895
3.662944
3.342483
4.132116
-2.284014
1.493044
1.693243
3.855419
-3.966590
-0.137878
5.876676
4.482206
-3.111546
-0.079094
-0.503892
2.868674
6.661488
-1.290106
1.648173
-5.160567
-2.525717
0.660404
-1.363705
2.193905
0.012498
4.586729
5.598243
9.584044
0.990602
-1.619942
-5.433081
6.924641
16.377997
2.036529
-11.787566
4.913372
1.557232
0.684696
2.699445
1.409013
-5.624950
-3.594867
-1.348448
9.433794
-8.882763
3.687546
1.710538
2.866384
-9.098147
4.527735
-1.878809
-6.695770
0.093425
-0.396645
1.907090
-6.917669
5.213134
-1.340283
1.711991
4.039484
4.975872
2.980658
2.377285
-0.402590
2.607538
-6.210190
0.618458
-6.189725
-4.157909
-1.561222
5.306449
-4.569557
2.970574
4.876227
3.392595
-2.506038
0.504620
7.817932
7.456803
3.083476
-6.469244
8.437204
-0.115413
2.507992
8.427065
10.700856
4.313700
0.543657
-5.256647
2.735508
-5.180244
7.209741
-4.227149
8.743614
-3.478051
4.353373
-2.350179
-2.362035
2.777721
3.840540
0.637522
-0.421953
-5.609023
8.340045
7.484433
-3.222054
-0.305479
-1.332540
9.748023
0.647548
6.709678
-6.580180
3.459098
-4.523592
-4.900358
0.309972
9.324296
5.033796
0.388946
2.230453
-3.139895
0.712286
0.756580
-0.847836
0.135446
-0.717558
-1.348832
-16.058363
-3.583947
-6.658484
3.258613
-1.423338
3.932907
6.198919
5.642333
12.724056
4.018393
5.707069
-1.835893
3.930160
1.328154
5.683382
2.514396
0.133422
-5.065127
-2.472204
9.602436
-7.501618
-1.441101
5.195659
4.409826
6.357044
8.572498
11.337405
5.034932
1.807309
10.635199
4.178646
2.733716
-1.735870
4.316932
-4.758486
2.620664
-5.161301
2.148666
0.315528
0.194409
1.314946
3.622312
-2.258870
3.877135
-5.366458
2.028639
3.556726
-3.092404
3.336113
-6.938819
-10.064740
-1.428601
-2.069437
7.251976
-4.362936
6.090094
7.618563
-0.486168
1.825284
1.491947
0.132147
-8.534889
4.285918
-0.596566
5.544367
-0.974353
0.568690
3.479574
-0.589440
9.870010
-1.378710
6.366716
4.509328
3.341874
1.707451
1.281716
2.724113
-5.377368
0.479542
-3.875935
-3.576267
1.617971
-3.560808
8.430763
3.970713
-4.246889
-4.817822
1.022385
11.507335
-2.178792
-8.369691
-10.483996
-4.240779
3.187279
-0.588346
-1.421847
5.750554
9.171090
-1.515654
3.981792
-1.361567
-1.507936
-2.028039
-1.068489
2.494831
11.083302
-2.383360
9.294499
-4.255865
-0.746869
-0.769011
5.424185
2.281441
1.311104
9.230414
5.111426
-1.138011
2.014749
-3.935275
8.369621
-1.845479
2.834230
-9.629570
-10.018085
-4.609668
2.957520
7.481871
8.569758
9.847371
6.510416
5.035503
-0.566693
0.733568
-4.858798
-3.074789
4.510415
12.902684
4.939824
-0.239506
-5.146152
2.094625
7.110061
10.226985
-8.068879
6.521137
3.344255
-3.175659
1.193185
8.502064
9.946456
0.980513
6.839216
4.098893
4.335508
2.483492
-0.513761
12.686981
4.384699
2.990752
5.254815
2.042931
0.796211
12.519452
3.879583
7.170030
4.049388
0.160742
2.959838
6.066527
-2.057098
-0.044863
3.362727
-0.787485
6.867226
-3.554874
0.367803
2.184790
8.993374
2.105727
8.917490
-4.378129
2.835382
-0.578481
-4.425027
-6.166524
5.843361
-1.412842
7.346520
3.083377
3.616179
6.745904
5.270556
2.847848
2.275357
0.993574
1.929417
-5.602680
11.293635
3.189994
2.762208
0.265087
10.065392
2.255109
0.710625
6.491823
5.079634
14.004405
6.188346
13.316370
-1.008478
2.703855
2.370491
-3.247862
4.215335
-6.045350
9.003056
-5.113561
-4.647127
5.639441
-0.906527
-1.693124
0.943791
-0.050726
-4.683548
0.577280
2.269541
-0.236438
-6.913537
-3.657172
-1.266258
4.885964
3.778671
4.045082
8.454666
15.365393
0.481296
0.441735
4.950897
-1.796822
4.848119
7.883436
2.162323
1.268058
3.488523
9.442436
-2.466641
-2.432113
-1.555551
-2.577649
6.566152
7.873720
-3.125918
-6.805093
-1.989429
4.031088
-1.584572
3.935078
4.240680
2.733898
-3.038625
3.354196
9.470410
-6.858554
2.120429
-6.864652
-1.500328
1.899245
-3.860904
2.529598
3.411143
0.321485
20.173964
-4.474180
6.094369
0.210959
9.785702
-6.612668
-6.412377
1.594925
2.282317
0.496879
2.029611
2.552330
3.745503
2.901996
3.997482
6.907267
5.146449
-5.898437
0.310250
-2.131153
8.987222
-1.728520
-3.251406
-4.148278
7.939009
-2.427069
-1.174955
4.168268
-2.202339
2.657488
1.034642
-0.883452
-1.972245
-3.511390
2.101607
1.305177
8.688333
-2.746974
-4.303945
-7.937718
-0.905698
7.660214
7.246361
-3.036944
-1.388172
1.621243
-8.115092
-6.761633
2.594456
5.551342
-2.803867
5.891655
-0.098775
-2.762005
4.392999
-0.634740
1.667368
-5.568988
-7.614642
5.046144
-0.474501
2.970838
2.709106
9.365907
6.937902
1.787111
10.793128
14.128273
10.465698
2.852884
-6.341049
0.122556
-9.667685
-2.649201
-3.079456
7.128396
-5.602645
6.494683
-8.105627
-3.914491
-1.024052
8.714663
2.589054
6.995993
-9.054263
0.884478
-0.684553
0.779098
4.642547
-2.993316
0.575686
5.240832
3.450664
12.078293
3.060367
4.672898
-0.571939
7.337420
-6.573971
-7.171671
2.943429
-4.232006
-0.067921
1.026199
-0.945066
7.188798
-5.244713
-1.592127
5.098877
1.650684
4.550832
0.548464
3.673161
4.769287
0.981589
-8.833233
-4.978510
-0.295810
2.671157
3.153171
0.760732
3.877114
5.976495
4.013593
12.422727
1.737962
-0.512848
8.197315
6.964127
0.455753
6.886859
5.114955
1.378560
4.144582
-0.679979
-5.549658
7.567802
-1.387024
5.627335
-1.151821
1.144590
-9.732798
-3.549007
4.529500
7.447873
-1.945821
3.460354
12.557094
-5.635088
5.370174
6.252196
0.168480
1.541511
-4.008185
-0.434778
5.171503
3.403129
2.685420
0.040972
-6.364955
-7.170453
1.563276
2.098011
1.556666
-0.189870
-2.963031
6.610365
-2.146588
6.674016
-1.763430
3.970139
-3.867150
1.219863
-4.733199
0.004671
4.036589
-0.407241
-1.112433
5.958918
5.954975
-1.667752
0.122023
8.104883
-1.685549
4.220752
15.723098
8.965373
8.899425
-6.035267
0.292289
3.057407
15.878912
4.767713
-0.998316
1.500365
1.571833
5.021739
-5.861063
6.561466
-0.542010
3.289506
-5.421264
1.132335
-0.785005
-2.182014
5.171236
-3.845081
4.873308
4.424351
4.863282
-7.127254
2.895744
7.562339
1.208690
13.627882
-1.078768
-1.563826
-3.128458
10.796432
-3.127198
9.724168
6.074999
8.584898
-1.184055
-2.130784
2.831057
-3.434257
0.753510
-11.222124
11.992568
-0.204072
0.067462
-5.392004
5.484726
2.021006
3.040463
7.271466
0.025195
-6.404030
6.651098
-2.827899
2.187775
-4.755295
-3.076135
1.293248
0.765781
0.361283
4.235634
9.811350
5.092354
-11.215865
-8.172852
7.304073
-2.155667
4.163897
2.518088
8.332480
9.608872
-5.007707
-1.711674
2.720246
6.944135
1.167398
6.294049
-0.625037
2.682780
-4.615795
2.142185
3.240613
1.280406
7.140412
0.773305
-0.553270
8.767416
2.650922
2.797336
-2.981603
0.154331
0.874905
5.134751
0.562080
-3.555898
3.822313
10.079099
0.419593
0.221747
0.018310
-2.020389
3.114873
-1.817078
9.933268
3.787273
15.204366
0.047171
3.945858
5.000487
-5.784166
9.566461
-1.818252
1.910438
3.724220
3.561796
2.256927
7.878172
8.170719
-0.735696
-1.758866
7.577009
-3.228925
-0.170205
-0.685214
0.408951
2.954377
-10.189860
9.625766
-5.048531
3.628543
4.292847
-9.908102
6.966012
6.829890
0.775030
-2.297655
-0.875767
0.530970
18.115246
6.950019
-7.895271
7.677860
13.055328
2.072328
6.599265
6.012399
1.037423
-2.482225
9.072399
0.578219
1.087806
6.600693
8.793195
4.939834
9.120043
-1.284592
11.412556
0.091519
1.584007
3.028952
5.159929
1.671545
8.866811
0.100725
-2.938735
-0.277509
4.798464
1.992768
-5.827715
-0.591950
1.289175
3.421957
3.568956
1.786390
-6.178232
-6.146088
-6.256271
7.559092
-5.525662
10.130277
0.789918
-2.493210
5.949572
-6.790749
-2.169405
11.393245
4.386180
-6.011331
8.020987
-1.243692
5.410482
-0.479626
4.965985
-2.668145
2.631849
0.096423
7.192586
0.258515
-4.451883
-5.929202
4.582453
-0.680650
2.705352
-0.204219
-0.478290
4.206945
13.412727
9.068270
-2.634593
-0.748273
8.922012
5.067998
-0.584974
5.911860
5.645941
-1.624435
2.986271
10.003709
-4.248263
3.483236
2.895548
1.699227
0.276369
-3.504405
9.755142
-5.907038
-9.581802
1.675162
-9.206914
1.262764
10.452848
-2.624194
4.703524
0.752185
-5.062968
-0.132485
-4.559681
-12.144201
-3.895137
-0.031082
4.899446
5.479479
-4.551327
-2.092676
11.638097
1.308793
5.469963
-1.167451
1.343340
-4.356628
-0.272759
-1.096386
4.677702
-4.070991
5.726666
4.692720
3.480973
2.216065
-4.675833
3.574106
3.177516
2.265970
-4.170327
-0.331016
-0.287148
-1.276994
-1.530097
-1.614489
4.339359
-3.442660
5.795133
-2.927730
5.117667
1.258171
-2.168305
8.062935
-2.860257
0.495922
2.261275
3.440273
-1.172552
7.478439
-2.394665
1.097838
5.178797
-0.675939
-0.942287
-4.269535
0.648203
5.135298
-2.178416
6.160184
0.916974
4.884360
-6.220257
0.321915
2.330893
3.155922
2.611071
3.466119
5.483787
6.295675
-1.981858
1.144310
-0.745187
7.884607
-0.363611
-4.457994
-0.208307
7.409354
-0.257601
4.904430
2.030588
-3.269014
-4.688480
10.779519
5.219106
-0.612080
6.146659
14.014453
-1.940805
-5.650465
5.056332
-0.742605
8.160102
2.988469
1.228413
-3.735465
0.695378
1.540035
-0.584856
4.900238
-0.546728
4.256433
0.116441
-4.943407
1.561111
-0.793634
-1.788390
-4.012479
4.963233
14.166343
0.175073
1.890320
5.601735
13.743963
0.994781
4.316019
-2.467688
-5.568972
5.238169
2.313627
5.408274
-3.266596
3.649496
6.122082
-2.725686
2.871587
9.493075
1.583063
0.936852
2.548565
6.972443
-2.262360
4.131506
-8.000589
5.102191
5.233822
1.740573
10.081405
4.406495
-11.445584
-4.908909
7.490268
-9.938551
5.428372
4.132855
-2.544525
2.966795
4.965323
8.773872
1.812076
2.602713
-2.455862
-0.606959
-4.050527
5.360210
1.831129
3.800019
-7.506673
-1.004608
0.101241
-4.946300
-5.018744
-4.787652
6.358255
0.609930
10.738998
2.645453
1.722627
10.891274
3.308082
-2.389878
8.657088
-6.509016
-0.639236
1.232860
7.355024
-5.879812
-7.403836
2.328232
7.202926
4.450716
-4.605800
7.606146
1.453150
6.923379
4.133776
4.284400
2.120455
4.730801
4.683224
-4.593715
-2.111136
-3.217738
7.351688
4.667931
0.309426
2.923343
0.101444
-6.577388
-3.470944
7.351797
5.348991
5.062473
7.339154
12.716351
5.932933
-8.436619
3.799195
1.498628
3.401972
1.786038
-0.310789
-5.871874
11.676259
-3.311204
10.431912
-0.387155
1.848308
5.963037
5.364046
3.335301
1.959451
4.113393
-0.021999
-0.052838
-4.872874
3.130921
11.740434
-1.940913
7.483860
1.955480
9.524420
1.746762
-5.429427
0.851678
-3.078542
9.061818
2.572470
-10.849041
-4.627011
6.037855
5.573447
5.506514
0.972035
-6.786138
-5.507261
3.678686
-0.327592
1.960315
2.353080
6.672166
-1.977967
-1.441065
0.185500
7.268928
11.098218
2.443433
6.627509
-3.957287
-3.537544
3.072671
4.266467
-2.194072
-0.186283
-3.194096
1.033902
3.750926
-7.279149
-1.440571
8.910182
3.970600
-0.803259
5.996371
-10.986535
-0.179703
-1.444819
0.192993
-0.072315
0.649749
7.824781
4.792233
-1.947325
2.184415
-4.207195
5.168733
4.465467
10.478299
7.974669
2.527675
-0.550847
-0.722589
1.075543
3.065909
-0.442943
6.448103
6.228318
1.499050
-1.037853
4.629495
-5.093655
2.511825
9.196775
-0.736071
-0.698335
8.256899
0.658114
-6.222927
1.190401
-1.649564
-0.539459
-1.716038
0.437794
-5.334269
3.129631
10.054023
6.334202
0.772190
3.166392
2.637348
0.305014
-5.081708
-8.071368
-4.521729
4.838377
0.539238
2.274596
9.007481
-3.325000
-5.196578
7.448952
5.281397
1.593274
3.699821
0.293367
1.632512
-2.834770
-3.552696
-1.556490
-1.354723
7.269091
3.055454
-12.151593
-0.764501
2.195924
2.025966
4.825693
7.705469
-4.821453
3.309516
4.502573
5.389463
-5.149915
-6.869986
-4.137658
0.557027
-7.913449
9.414737
0.876302
-3.851794
0.629599
-3.041978
0.764427
-4.306957
0.547857
-0.524950
-3.345277
-1.448149
-0.920837
5.101694
-0.688153
1.414574
10.608560
-0.495577
3.482540
10.798709
11.005435
9.304886
-1.119381
-0.737413
5.933123
-0.341776
-1.988681
4.390257
1.703824
8.006764
0.193216
-4.561146
2.518914
-2.940549
4.427408
0.004698
1.338084
3.281060
-0.354151
3.805585
-7.358985
2.484613
-1.260288
0.826034
8.717492
-9.804738
0.629717
2.305139
-2.465211
11.663837
-1.436906
0.716901
4.083495
3.609211
-0.560637
2.676297
-5.051529
0.657167
-7.029699
-0.095130
9.182169
-10.055914
3.186723
4.711460
8.935355
12.268925
6.911528
2.952660
0.675286
-0.961522
8.147417
-5.203026
2.808628
-1.088236
2.644552
-1.387198
-7.796331
6.323374
-3.057264
-2.984609
9.295844
4.006517
2.630471
5.670610
7.928616
2.567290
3.734111
7.401354
-0.189311
-3.848638
1.372953
-1.533060
-1.448069
1.168001
-2.821287
1.282813
-4.173258
-2.938837
7.095124
-0.681054
-7.103118
3.897129
6.741653
11.122346
-3.094382
1.578175
5.407138
7.512790
-5.725342
-1.990412
5.291959
-1.774829
-1.382941
-3.480609
14.028568
4.060115
-2.031009
11.853378
-1.306981
8.410700
8.479399
-2.960541
11.626913
-11.206239
2.985273
0.757961
-6.621244
4.367983
0.409805
3.626688
0.858575
1.476661
-2.208836
2.345204
6.680133
2.709543
9.279711
3.334852
3.750850
-0.981835
4.695721
4.017902
-3.145316
3.656454
-3.018367
-5.617877
3.629464
-1.729455
4.741120
-0.201585
8.349748
4.945879
-6.695343
5.763983
9.493417
9.676009
-5.925826
3.950379
-6.197718
-1.697828
5.179419
-3.326575
12.531307
-0.837179
0.914293
4.415533
3.517480
2.845742
14.239029
-3.565401
6.373298
-4.830836
-2.587997
-7.082121
7.441525
6.715898
1.130074
2.069113
4.332547
10.634199
3.519442
0.948434
4.149361
4.110753
-4.067228
4.080221
-6.354025
9.675916
1.988793
-5.688431
-0.607474
-8.346840
-0.838656
4.591328
8.793501
1.867724
6.396056
4.368219
-4.404989
-2.820420
-6.385704
-0.848487
0.395554
-2.287690
-3.962470
8.071709
3.679542
1.606737
-2.671237
-4.277006
-8.039793
-1.562998
3.738816
10.519355
-3.349990
-5.489799
5.042327
2.813144
3.897276
0.292473
10.378179
5.120321
-0.816050
-1.925526
2.254753
9.860680
-1.240470
-3.957454
-2.773447
-3.814871
-5.289998
7.327908
0.799226
4.169045
-1.274521
-2.779218
-5.847769
-0.338716
7.283967
-2.564097
0.815868
5.280134
2.582241
2.683604
-2.858270
5.622351
5.229136
-0.887890
-5.302164
6.789524
0.301573
5.655664
0.085916
2.851112
-1.984651
4.995530
-0.799546
1.073353
7.710500
7.196876
-0.851187
2.785426
3.175912
-1.270354
1.831480
5.745915
14.210699
12.139690
2.681399
9.902505
4.418890
6.136272
7.045568
6.994726
-0.508783
9.870764
1.295653
7.279247
7.874421
9.505464
4.104810
8.919334
12.822849
6.738812
2.472241
1.232399
-5.580591
4.354633
3.969843
-5.873021
5.243444
-0.257186
2.797536
4.279028
-5.877864
-4.254542
12.102599
3.036526
-1.143772
3.907761
5.907260
5.446515
-2.877139
-3.398464
2.353966
2.266059
11.706591
-2.917555
6.017648
0.656210
0.931338
6.513062
0.618909
-10.730507
3.001891
2.633454
7.932486
4.874151
3.704260
-5.136475
8.148576
-0.868624
3.175931
10.149565
-3.064671
4.392471
6.626997
-2.054621
11.737704
-11.049719
-6.720854
-0.227454
1.879642
-11.385639
2.155124
-7.748843
-2.400020
-8.155047
-1.703102
-0.799788
1.278688
1.563836
-4.881541
-2.412439
-0.558972
2.717316
7.321140
3.683452
0.770583
-11.626269
-0.529077
1.960667
0.347128
5.980442
1.386477
-4.133915
1.294361
6.888311
4.168077
1.155120
-2.989788
-2.555114
7.243842
-0.831041
7.266164
7.563188
5.713165
-7.575242
3.239098
0.287862
2.307383
5.754851
3.265084
0.599788
-3.658023
0.497722
-1.003202
1.414240
13.718839
7.162391
4.806216
-6.531129
2.579430
-2.394933
1.400007
-7.532046
-2.690522
5.843343
-0.307745
1.997460
-0.315694
0.506124
-7.321775
-5.083603
-0.687049
-6.403781
8.016058
-1.499778
-4.321248
1.569320
-4.709234
2.669194
-0.844225
6.917696
-0.476589
0.687947
2.995186
0.265905
7.022542
-0.875209
8.337314
7.594474
5.325850
-3.591378
0.654567
6.685823
1.584815
-13.645621
-0.885103
3.013628
2.215308
-1.182509
-6.126869
11.439348
8.015909
-3.065979
-3.481124
0.547316
13.923009
2.343733
-1.136494
-2.049824
0.725305
4.068978
4.320993
2.522166
1.003780
-0.419610
-13.772804
3.462561
4.604181
0.302381
-5.726777
2.960690
8.954244
1.220098
2.724320
-3.442657
15.297619
-4.937049
-2.986025
-0.072866
-0.367001
2.047468
-4.852780
3.703641
-6.130038
2.585787
4.873226
-1.255636
8.958827
10.726338
1.524523
-11.139638
2.061226
11.493944
1.657205
-3.083761
-7.438498
4.185239
2.784380
4.940986
-3.594200
9.242512
9.808141
-0.337660
-0.028461
-2.619656
3.438423
-0.819706
6.075584
2.650775
0.375431
3.842339
3.535416
-3.430518
2.291688
0.879916
-0.521314
4.953503
6.205474
8.079958
9.674737
8.692060
1.630493
-6.093199
-4.237261
-1.434879
-1.280985
-10.810389
2.346058
-0.659927
5.437639
5.413978
-0.228979
-2.224321
0.523429
3.567549
11.098600
-7.571800
1.652802
-2.479528
1.154977
-3.887035
-4.095022
-4.986767
4.989766
-7.855412
-10.417719
-4.546705
5.380231
5.539275
6.985007
-7.980979
1.129604
2.210667
5.309857
2.012216
3.096251
3.058779
6.511060
-5.533461
3.221712
10.867833
0.495160
-2.473430
-3.220324
7.196721
6.614205
1.447987
1.683327
9.737840
3.868074
5.226702
-6.417382
-8.050071
3.059017
11.870505
-1.644542
-0.821135
-1.423257
2.428018
2.759524
2.663249
-7.940905
-6.252603
1.663968
3.318607
-1.697946
-3.694330
0.307219
8.817667
5.960419
4.604199
10.212560
5.610561
1.560977
0.279610
-0.967570
-0.021112
-1.321404
3.174066
4.317609
3.123230
-2.913133
5.019153
6.372103
2.300058
1.932612
-6.257039
2.343597
-3.007940
-4.208955
7.602403
1.312242
-6.501351
-2.320659
3.308621
3.774761
6.707770
-5.606904
3.530525
-4.569517
-9.607333
-6.334740
0.993179
-9.410858
1.133419
4.461707
-2.287650
1.412513
7.066739
2.402210
10.402327
3.034012
-7.346330
1.757889
4.202991
7.509514
9.073209
4.248473
-3.912405
-0.249190
-3.149137
-3.608903
3.620115
0.193281
2.013441
-0.926117
-5.149763
-9.051109
1.191445
2.754780
-1.138194
-8.523762
-4.295372
-2.627285
3.058526
3.507699
5.224100
10.641070
-3.195538
-0.794878
1.821211
-2.344947
10.878500
10.401209
6.644134
-1.304791
-0.427487
7.082726
-0.179121
0.320685
5.875230
0.597840
2.184857
-3.482092
11.364083
3.525059
-9.405881
-0.263946
5.613145
3.922413
3.851017
-1.562019
14.959791
6.137198
1.642998
1.212715
5.764805
8.540967
6.276768
0.876592
-9.976597
1.356453
4.395871
6.736082
8.682256
1.571153
-2.044073
3.952866
10.119602
-5.123303
-5.733146
-4.886993
-3.737340
10.059993
-0.375770
-0.474465
-3.295269
3.275260
9.171342
-6.285157
8.881586
6.587093
4.470311
4.034487
12.075596
-4.453931
-4.427772
-3.894873
5.273662
-3.808102
3.402521
-0.787687
2.190433
-0.965019
4.316664
2.218684
1.841002
1.370113
5.739531
-6.319564
0.424139
3.694035
-2.440321
6.655153
-1.445963
2.365135
-3.055259
-3.514456
9.494156
4.565339
6.143523
-3.371010
-3.573335
5.842959
0.730483
-1.114579
0.000496
3.140060
-0.101398
0.619848
-1.263114
-0.145798
0.016177
-0.626832
3.681270
-1.354005
-0.526186
6.100973
-5.111276
3.854185
-0.474858
5.261645
3.230923
-3.190942
-1.184009
1.590972
7.513059
-6.127083
-8.290650
1.471663
1.128978
8.258506
-5.495786
-7.903529
13.342270
-3.383743
-4.469832
7.232806
6.773974
-0.976282
-1.580732
-2.976515
1.000316
-0.576433
1.121549
-2.425671
2.291133
-7.898841
-2.538851
-0.580133
0.101902
-8.552557
2.801480
-2.142959
7.715184
1.372128
-3.806702
0.135831
1.799371
5.091845
2.983248
1.514305
4.344659
0.762986
-0.909610
1.617287
6.566904
0.079433
-1.131912
3.770263
11.172980
7.297798
4.936788
2.002764
-4.824529
-1.211680
-2.072080
-2.009121
0.151461
-5.323265
9.135995
3.695106
-3.456084
-3.738308
0.502133
3.698844
10.391285
5.908713
5.211661
-3.582894
-3.981332
-3.867195
5.388503
3.782653
3.473867
-1.407909
8.487404
5.142309
-3.548008
2.549022
6.907579
4.514779
3.902450
-3.664158
-4.381324
-3.435411
9.209563
3.370152
1.545116
2.394715
0.281729
1.776329
2.283300
6.268512
3.983813
0.528426
-0.469518
3.591834
-7.018244
0.278919
-3.943658
1.716347
6.722563
-0.080531
4.372883
5.255438
-0.399632
4.618660
-1.681176
-6.462965
4.321702
7.597450
-0.580736
-0.944028
4.905442
-7.614222
-4.096890
0.490007
-3.038781
11.966918
3.095227
0.510775
1.273017
-11.344468
5.119407
-5.270053
-0.433905
-0.282275
2.825791
4.827265
7.884290
-2.157973
-0.556273
-5.505117
2.181212
-1.082042
1.500966
8.381832
0.570189
1.235188
4.101401
3.048024
3.822521
-4.230239
6.626814
1.329158
9.666777
-5.348452
0.211411
-2.814755
2.946237
6.468337
9.493744
1.986540
7.487183
1.587205
5.124714
0.644882
-3.726520
6.861931
-3.829679
2.586566
-3.453870
-1.446226
-2.167461
2.160078
-8.632112
7.337867
-5.973423
3.790166
-3.870231
-0.242566
0.277269
-2.021154
-2.952594
4.795993
14.101436
-3.343696
-0.435993
-2.455412
2.830109
4.263275
5.495858
1.213929
3.217704
5.490488
-4.884428
-4.412401
7.148265
-8.906442
1.651771
2.545730
-0.908546
2.427899
0.806100
-3.086170
-4.928315
-1.072930
5.212250
-5.157601
6.064342
3.868103
2.211818
0.255392
3.548289
10.980358
0.759881
-4.334667
-9.047246
2.616229
7.047866
-3.277523
-2.045948
7.548937
-1.278752
2.523950
14.435080
10.271452
-1.649334
11.256590
1.556649
6.386983
-4.519008
1.356978
-1.901562
-1.917602
-2.766378
-2.007425
-3.552762
6.310356
-6.708318
2.624233
1.426888
-3.240293
0.880175
-1.160487
8.046341
0.694331
3.431853
1.551868
-0.602549
-2.330982
10.356161
3.774414
-0.540303
3.878172
1.214898
-6.494526
2.200886
1.829672
-2.829258
-0.197459
-0.038106
-1.627441
3.812040
-10.080575
9.094469
-5.068510
-0.457173
3.915655
9.321607
2.195434
5.796311
-3.443579
3.706186
0.017230
-1.086020
2.346413
-2.319830
0.944805
3.039307
6.752666
0.913290
-5.437162
1.874197
-5.194447
5.496529
0.215645
10.728322
-1.083251
-2.684220
10.429598
0.257493
4.136807
2.218064
-0.483254
0.058858
-8.714016
6.510210
-0.442209
5.267359
0.616948
-2.922225
-10.372391
7.897790
-5.783229
-4.313450
15.187785
7.424963
-1.077822
1.572819
12.803036
-0.492846
1.294085
-2.989513
3.406146
6.567556
8.012274
10.212715
-3.531786
-2.101229
13.069707
5.314149
6.617855
-5.587162
-0.376827
3.767137
0.316661
3.842878
2.245214
3.432564
-4.151382
0.280381
3.801353
3.404723
-1.931530
5.810613
-2.286114
1.326253
2.211104
10.418861
8.842685
9.347772
3.664981
-2.035711
-1.378415
8.093190
-1.255251
3.180562
-0.798081
-2.351131
3.204647
2.448430
0.386736
3.528008
2.894222
-0.904411
6.812472
8.628476
-2.391750
1.461922
4.859821
3.093085
0.684323
2.489792
6.077614
3.825173
0.539980
-8.252314
6.990720
5.379601
-10.476220
9.868152
1.682165
-5.789016
3.731675
0.500042
-0.647219
2.136444
1.489733
1.481721
3.747378
-0.747317
-3.925839
4.672456
-10.821113
0.494032
6.673813
0.232363
3.163104
2.510697
1.851135
3.031108
4.203264
-9.610813
-1.638218
4.092565
4.882988
4.892874
1.202734
-1.574023
4.309499
-1.367495
2.899326
2.948396
2.549182
7.557308
1.914034
8.540769
-1.805273
4.954914
-16.470120
10.609617
11.149192
-6.737917
7.806131
2.232695
-0.786607
10.912243
2.783556
6.806521
2.487254
0.969248
6.810675
-3.117867
7.161848
14.291873
0.353561
7.461373
0.544118
-4.250695
-5.302541
6.390522
0.357558
-1.927723
6.939815
0.758069
-7.260706
1.737353
-3.208134
3.255756
-4.702686
2.031023
0.646034
3.838177
5.658483
-2.053365
1.739970
2.078058
3.440264
1.352119
6.934641
8.737526
-3.483823
3.264464
-3.643800
0.974181
8.875271
0.389055
-5.131347
6.265379
0.927563
11.978649
2.720459
-5.620588
-3.477076
2.211810
5.315975
14.259970
-0.517241
2.564718
-3.050195
4.484226
-0.528781
-5.815135
8.118837
-4.096964
10.236137
5.551811
-4.533029
4.379724
3.724421
4.173045
5.005468
1.585712
-8.761647
-10.564395
-2.171683
6.657012
-5.143303
3.796942
-2.294479
3.070762
-8.146114
11.302976
-0.593647
3.216487
8.284749
4.282588
-0.004693
2.482395
5.081338
7.972078
-5.842759
-3.536006
5.780601
7.197169
4.700799
11.182107
4.255331
2.233455
-1.019060
0.481788
-2.044835
4.418995
8.894192
-7.800914
4.778530
0.213382
3.163466
2.886328
4.577817
4.458010
0.401555
-1.376943
-5.348590
0.498055
-2.265133
4.731446
4.176072
1.231342
-0.802406
-0.237949
-5.491911
-0.514316
-5.460786
0.558980
3.946397
4.739060
7.585498
-2.382867
1.180541
2.998500
2.687110
3.626104
6.615360
8.158543
-2.177469
-0.298375
-5.013019
11.815264
9.511771
6.874688
2.429588
7.110889
-3.410117
4.245198
4.429897
-3.012218
-5.830288
6.313151
4.267497
3.172584
5.883798
-4.419267
5.093498
-0.456609
5.420128
-4.539276
-1.910463
-1.240639
-4.077721
-1.615357
0.828324
0.063678
2.054866
3.499822
-3.042968
8.844271
-3.169025
-4.735770
5.433953
6.525870
5.385106
-0.670850
2.776926
7.896555
5.527448
-5.249163
-3.817695
8.132754
-4.747798
-2.251001
2.178053
-1.064100
4.678173
2.756610
9.589078
5.378739
-2.968701
4.325985
9.474293
-2.489240
2.132061
-4.900855
-2.367234
-1.034691
-5.357965
-6.509473
-2.192674
-2.949445
-8.139016
2.744967
5.589699
0.052633
2.250481
-2.038968
4.991591
10.215079
0.579515
6.234297
10.889563
0.454643
2.228003
-2.823751
-2.636576
-11.222888
-5.806040
-10.811103
-7.752917
4.165954
1.728739
3.887717
0.416802
-2.318417
-10.657456
0.480139
1.359763
0.765110
3.927148
2.691857
1.076539
-2.896612
6.677826
5.083122
-1.071153
5.312856
2.588126
-2.652967
2.351945
4.316997
4.864635
3.140552
-1.814034
2.927637
0.470063
2.439231
-4.099542
8.447775
5.094133
1.883220
1.498342
-2.144486
3.325907
13.147053
2.743335
8.039410
-0.035100
-0.682432
-0.273282
13.949028
1.960133
2.073427
2.310147
0.037499
3.944524
-4.719163
4.463465
5.138068
-7.898522
12.113177
-2.448533
0.342463
8.087278
0.211231
-0.365507
10.025434
0.980479
4.213132
2.790850
3.959411
-3.886834
5.152784
9.822333
7.629494
-9.176659
6.575039
6.360408
6.422639
6.491328
5.462343
-2.847053
9.072824
3.680777
5.792848
8.722707
3.808274
-0.208299
5.331082
-7.435347
3.256915
5.658882
-1.127345
2.900104
-1.963062
2.106293
10.258445
-0.786414
2.669444
2.619693
3.020110
0.933106
-1.570238
-3.145109
3.114576
1.465802
-9.253359
2.001411
1.304436
1.888072
6.168883
3.232503
1.674318
2.738096
-1.193984
4.241184
-1.687022
2.619138
-5.357487
15.208276
-0.902958
-7.749986
1.559110
-4.606663
2.992907
3.242770
7.486065
-3.086425
6.356105
7.197747
3.560554
1.956656
-1.285106
-3.729192
3.515703
1.854103
0.239025
10.560252
-1.963933
-3.717042
5.151624
-3.956401
0.475331
4.939597
-5.607648
-4.198117
-9.044151
7.721715
-8.413464
-0.221100
-2.253258
0.945192
14.860073
-8.924061
1.677196
1.250604
-3.181052
1.606761
-1.082353
-12.691657
11.010363
0.109397
2.187254
0.637109
-1.053342
4.682618
-5.826146
3.056314
-8.997211
-10.392477
1.205989
5.018397
-1.616010
-1.480535
1.415631
2.801735
5.502104
-1.278710
-4.160017
-4.764788
0.870567
-5.963218
6.905795
0.076251
2.548368
1.015483
0.711032
8.624081
-1.960084
0.485174
0.363409
-8.777441
2.464231
5.417714
8.870644
-1.754082
0.398761
-1.861290
0.413493
3.848205
-0.132238
0.858040
2.210277
2.695510
-2.523613
-0.944787
-3.150554
-1.665844
1.142915
-3.530428
2.527321
11.714555
7.337524
0.464324
2.327557
4.756218
3.028403
-6.319299
0.246097
4.890721
3.973862
7.477630
8.099501
-1.707282
8.808605
0.399409
-4.588571
4.640377
-1.198816
-3.751696
-1.200782
-3.603545
-0.647712
5.734265
0.406229
-8.622960
7.188586
-0.529026
4.622765
6.007291
4.946994
6.073685
6.437974
6.401075
-1.640410
9.133916
-1.586713
3.853132
5.657559
9.179780
-7.474829
6.400427
7.784948
6.489123
0.997563
3.481234
2.360252
-4.301948
0.926776
-0.222145
9.009737
4.413927
1.312239
6.740090
-5.658822
4.496708
4.763676
6.206093
-2.030008
-4.379466
4.110034
2.795639
3.642486
-2.680119
3.055491
4.039605
2.130032
10.189974
8.675965
-7.922105
6.864452
-0.143444
2.494513
5.757415
-0.664316
-5.080773
1.820238
3.110386
-1.175956
-4.970254
0.657482
10.956056
-0.528638
-0.480177
-5.600826
7.002598
1.230185
-0.119893
-5.288181
7.541399
-4.132614
0.620245
0.011331
4.593422
3.122367
-9.336183
-1.863193
-8.710474
2.342734
-1.379627
0.246504
-1.149642
0.505801
-4.014856
-1.336345
-2.751299
3.573101
6.632638
-4.348027
-0.598699
-1.423263
7.072956
-3.371895
-15.583239
10.858816
5.392491
-5.203775
0.610652
2.099531
4.132883
1.225296
-3.097980
6.194166
0.556860
-1.503325
8.514585
-9.577924
-1.508154
2.605316
-6.224844
0.885598
0.330071
1.298354
-1.657266
7.202707
2.106226
6.216267
0.782905
8.282350
0.170562
11.093265
-2.164539
2.303670
0.613260
0.701137
-1.274353
3.724884
7.622272
-1.786351
6.554789
1.713646
1.784205
-3.774830
4.371475
0.803261
3.149204
-3.003724
0.342249
-3.415224
-4.677772
-2.377224
4.672703
-2.268719
-1.440377
-4.707028
-0.691542
-0.616272
10.807693
5.436317
2.458149
-2.216147
-3.947728
2.572768
-2.050873
3.248423
-2.370862
-5.562901
-5.002248
-0.635537
8.397883
-3.416514
3.517624
-0.329975
8.526680
-8.165274
14.832233
-3.167181
-6.689802
-7.469391
3.818941
4.516960
1.711887
0.961118
6.853918
6.439323
-1.881212
-2.696092
4.237744
12.860824
-1.856800
-0.473005
-0.065828
-2.195029
-18.003666
2.295601
4.434111
4.697324
9.927475
14.416043
8.744900
10.739828
5.746152
5.219316
5.859875
-7.382757
2.779845
8.967872
-3.099455
3.968652
0.762687
3.002460
11.911300
-4.578601
2.203116
-1.300164
8.091113
0.355876
-1.945171
0.391564
-7.275453
0.645146
0.787715
7.367802
8.169058
-0.489656
8.239696
3.447096
-1.477628
-0.388873
13.232453
-4.826755
9.712564
1.991807
-3.466302
-2.864894
-0.989506
-1.104640
-1.444421
2.066891
-2.208231
-0.725626
7.478376
-3.185939
4.330454
4.522493
-4.196058
7.532280
8.555409
1.983737
1.426936
13.313737
-4.225602
14.500282
5.445957
4.586495
1.713369
5.701499
-5.592498
-10.275154
8.944476
-2.462436
6.939683
7.036187
6.427752
5.599739
-1.826111
1.975918
-8.337148
2.252397
-3.440462
-9.246658
4.040209
6.012145
0.587202
-1.673302
11.733537
-1.023266
-1.661244
4.323675
2.518133
-1.020869
7.788887
0.438997
0.428935
-3.344618
-0.282645
2.386657
-2.222626
4.989171
-10.626123
0.953142
5.580467
-9.256100
-4.859161
-4.239907
10.806479
-2.326813
5.061520
9.444655
-0.420851
3.713791
1.044372
1.631949
-4.230753
-8.285583
-4.378176
1.655724
-0.324376
2.768887
-3.859939
5.666080
-0.351662
-3.834067
1.347697
1.388776
10.183999
-8.309747
6.929459
7.342884
0.634941
-0.655453
1.602730
0.782096
0.059522
0.506662
6.212798
-1.179499
-0.533652
4.807316
3.825982
3.528720
1.133873
-0.781675
1.748465
11.297235
6.907895
-9.257243
2.388793
0.700421
2.215509
1.070838
-5.821962
-1.518586
2.986780
0.397884
-1.793059
-0.783923
-2.807227
0.466720
1.371556
3.408420
0.167761
-8.676984
-1.251889
-5.819629
3.753893
-6.593418
16.626416
-4.629342
3.780661
3.529950
9.006378
3.146029
1.865864
5.951275
-4.195613
2.949404
3.199842
1.104041
-4.735838
-2.796202
-2.571923
5.858751
-10.285370
1.534361
4.892585
-0.792159
2.871259
1.540219
5.193270
-1.236138
-0.027891
0.858462
3.737283
3.656083
1.412713
3.199261
1.526654
10.410785
12.200356
7.829277
4.300095
8.653993
-1.987397
1.080999
-1.293977
-3.815620
-0.527553
2.961272
11.804919
10.544540
3.926538
2.472321
5.038311
-0.945863
4.863054
0.466475
8.333785
-4.313195
3.395232
1.531382
6.398409
1.329562
-1.506799
3.231171
-2.804804
0.273113
3.638586
3.183962
-3.761421
5.922189
-0.026478
6.367944
6.438464
6.321826
8.882240
2.883836
2.793185
9.162392
7.080693
0.580036
-1.088705
14.077339
2.536353
2.397988
7.737035
16.290433
8.576904
-6.118028
5.995593
-4.375447
-0.877360
8.524833
5.188490
1.633930
1.675797
2.624834
2.934322
4.883854
5.595446
0.677964
7.189039
-8.079078
8.416860
-1.806069
3.820264
-2.263887
3.383301
6.584298
-0.021512
4.462611
6.952073
3.537778
-3.031621
-5.988593
5.155903
2.751189
4.091111
9.887944
-0.536750
-1.742249
7.946504
-0.285602
8.476673
0.712571
-5.349198
-3.963032
4.891678
9.933478
1.282578
2.072051
2.797928
-2.717969
-0.355687
8.164634
-1.541411
1.250447
-6.823753
11.150836
-3.370346
4.630959
4.382591
10.071120
-8.778766
5.487283
-2.028669
-1.336309
9.524435
3.622116
-6.523125
1.201031
4.332807
0.979313
3.318060
-0.645293
-4.501109
-2.447698
1.188375
6.741673
-5.047900
-2.119535
-4.352326
-7.057375
-3.548318
11.611403
3.136908
5.587489
8.549679
0.798337
-2.337933
3.643477
-4.342587
0.879576
5.376714
6.779183
1.574752
3.143248
4.312993
0.671425
3.588691
-4.743986
0.231534
4.983662
3.179323
4.941404
-3.155648
-1.195764
1.437049
3.566646
3.846795
-6.690976
8.656872
-0.437620
2.852440
-3.022232
-14.434423
3.205881
5.038672
13.128643
-1.051933
-5.055606
-1.129651
-3.214493
8.565893
8.819317
-7.195145
6.170609
-4.011203
7.329260
4.641957
-3.837195
-0.766465
-9.559523
2.157033
4.501908
5.436847
-2.041070
-0.575205
2.322945
1.135143
0.338227
-5.593723
1.645409
0.238155
7.393245
-0.684784
6.544255
0.348119
4.142586
-1.152300
0.501053
8.630278
-5.862912
-1.336581
-2.793018
3.208057
-1.839511
-3.994792
3.249725
1.767241
2.848192
11.188702
2.084391
14.897457
-3.370898
10.877378
6.206689
8.278454
-2.117970
5.184209
-7.712579
6.309094
5.181233
-8.686945
-2.509840
1.893097
3.810544
-5.011971
6.754574
-4.402383
-4.071379
-5.459318
-0.559605
2.683234
-3.702486
-4.562429
4.147656
3.705001
5.840954
6.439433
-2.628507
-1.241066
6.715024
-0.260224
2.937377
2.686862
5.565075
-2.803218
-0.018838
1.431565
-2.700263
0.291938
-6.907660
3.847131
-2.141216
3.291838
-6.080136
-2.437618
-0.405826
1.776238
1.768702
4.356822
-9.050597
11.816576
3.234460
-1.529672
4.452981
8.733987
1.960810
-3.610188
-3.484037
2.822547
0.588197
9.444015
1.420956
11.006067
-0.183679
0.167959
-5.771129
4.771870
4.377121
-3.876922
-5.652249
-1.422037
10.615544
-1.613840
-3.812573
7.595824
2.778232
3.648507
-2.883613
0.028715
-9.158129
2.385089
3.163323
3.649110
2.131181
-7.653414
0.591660
3.927743
-1.929330
-2.167651
2.275082
1.091361
0.758786
0.186036
5.304655
2.991899
-2.392857
-0.536232
1.683676
4.174764
-2.722941
1.736584
-5.812830
4.127331
-4.887640
-1.238203
2.702863
3.182895
-3.457778
-5.375584
5.207723
-1.100769
0.389667
3.404809
3.365927
1.659453
-2.054688
-0.323650
1.398283
-4.841339
-5.959801
15.401398
5.975550
2.128597
-4.691012
8.318277
10.975589
-5.757815
-2.304544
12.406303
8.780265
5.570920
-0.272094
7.165213
3.728726
-2.319358
2.398770
11.091387
4.758085
-0.542980
2.079558
-3.897072
-3.090115
-2.097406
4.141603
5.269539
-0.049081
5.111359
8.538619
0.364908
7.204826
-0.257526
6.964835
-5.290959
2.268626
-3.492867
-3.165606
2.768643
0.344448
2.199339
9.070750
-3.335432
7.980131
-3.231007
-5.717592
8.334210
-1.491523
-2.716723
-3.744842
3.778693
-2.709204
-1.172766
7.777588
3.957819
-7.513789
8.910326
-4.730981
-5.111794
2.788639
3.076619
-1.009103
-0.277982
2.705353
9.027742
2.299958
-7.700316
1.178363
-5.394684
-7.076298
3.237135
3.722041
0.245439
3.553022
-3.016219
8.865170
3.166347
3.193314
6.654614
0.009010
2.341250
7.327266
-2.235808
-0.119246
7.445023
-5.519767
-1.546831
-0.514690
0.590716
-4.929495
-8.657413
-0.140747
17.622950
0.811013
-6.131876
-0.164310
6.333515
6.183651
5.211108
-2.922414
6.558710
11.802404
3.960279
8.278988
-9.399545
-5.133153
0.932108
2.262204
-1.604171
-0.351080
-1.266902
0.023696
-3.290771
-9.095563
7.576840
-5.024398
4.848035
-0.836465
-0.975274
-0.805689
3.010915
9.329571
0.826218
9.240295
-3.422719
1.685237
5.722101
5.142556
-3.819267
-6.930012
8.273188
4.707024
-3.245693
1.067553
9.393879
-0.898651
-10.087945
-5.781462
-4.304026
0.483623
-3.004217
-3.367536
-2.149171
5.462522
2.323995
7.503142
7.655283
-2.156344
4.796193
-6.470484
3.078578
-0.401388
-0.074397
-0.312712
6.459406
6.475024
-0.433145
-5.875823
12.090430
-5.936954
0.543957
-3.611019
6.535433
10.740158
-1.156341
-1.589012
-3.627351
1.488551
-1.776516
2.285926
2.410665
-5.853900
-4.938639
-1.167674
1.148704
-0.193941
3.345586
1.107738
-3.100728
-2.302593
0.949699
5.327895
0.836760
-5.407978
1.515692
3.121801
5.957343
2.943939
8.362888
-3.215318
0.180851
9.712431
2.384976
7.252456
5.595821
-1.433632
0.090631
1.731336
7.993463
4.847230
-8.594331
3.290805
4.004195
-6.034237
4.467012
2.528224
-1.405568
-5.476084
-3.628739
6.128596
-6.917170
-3.453492
8.925380
2.200677
4.939811
-5.383030
1.217019
-1.688728
3.425734
-6.908166
1.636786
-2.462682
5.673069
-2.606237
3.007134
-2.702825
-0.595969
2.705438
1.601800
7.643770
-5.019606
4.013270
-0.299880
-6.235445
-4.680466
4.129382
0.517808
2.991834
-2.334422
-5.044094
9.104834
7.917383
5.309470
1.243494
-3.375540
0.053611
7.983043
-6.797279
4.845730
8.119547
6.485306
5.983908
5.669105
0.860359
2.719915
-0.292568
3.520160
2.843909
1.481258
2.790399
0.928855
7.962592
-0.979303
-5.068904
6.920215
2.052796
-0.752316
0.296739
2.799189
1.033820
5.160898
-4.563836
5.022634
2.388278
-3.834083
0.598730
2.819384
0.562907
8.141610
-0.505441
-2.538314
4.919107
-1.429227
-5.503000
7.285308
10.135726
-1.988085
-4.512553
-6.878973
5.026680
-3.473368
4.123386
0.827602
7.293629
2.245550
1.083763
2.309803
0.046240
1.649611
2.379373
2.708577
1.220507
4.613016
5.632489
-1.659369
-6.770813
-8.242687
-5.144267
-5.574978
-2.713459
-4.389349
2.034800
-6.555570
14.148105
-3.368925
1.400659
8.013609
-4.877361
-2.236990
0.351551
-0.213571
7.194128
-4.376966
4.153904
1.609885
0.557837
-3.270281
0.620201
1.737178
-7.317463
0.901019
1.327384
2.728603
-6.464379
-5.130277
7.829642