3.604052
3.365519
8.169315
0.313961
1.992748
3.782829
-1.590964
1.987176
-2.994330
9.433943
7.156461
4.772485
4.134683
-1.637581
-0.431764
2.540529
3.288578
-5.547446
2.864107
-3.088827
-3.475906
-1.003998
9.290390
2.586442
-4.170749
-12.171466
-1.849924
3.856689
14.488537
-1.411742
-4.966840
0.245689
-8.727481
5.694965
-3.790501
-4.743729
1.420036
-1.216410
-1.809725
-0.445075
-5.152458
-0.955694
7.396326
2.970460
0.518301
5.292936
7.171969
-2.492227
1.839170
-1.221138
4.123897
-2.625686
-3.176294
-7.969451
-3.141993
6.394182
-0.124316
-9.100568
2.958270
9.918038
-12.194086
1.406561
0.064382
1.623443
-3.186582
-4.059900
4.099908
8.979137
0.639754
-2.438381
-5.020832
-0.801796
-2.743207
4.114529
0.505458
3.948255
-2.057106
2.263695
-4.618743
6.369560
9.250695
4.647866
2.928312
-2.300046
2.119001
-0.059573
2.983692
4.943877
-2.155307
-0.519871
0.025054
7.302077
-13.369175
5.728527
2.674981
2.756049
-3.978770
-5.737476
5.197731
3.069288
7.746511
4.328336
1.282795
-4.290112
-1.536800
3.564853
5.640679
6.096983
-4.885138
-1.457530
-5.950035
1.505222
-2.774934
-3.165103
-2.013533
9.043757
-1.045625
5.584911
-0.203902
-7.379695
-2.664407
0.880757
2.886933
-0.385437
0.634237
1.941241
-0.138777
-1.803173
-3.647781
1.565785
1.922332
0.145648
2.077594
0.121411
2.608598
2.055600
-1.742303
11.183409
-1.987838
2.203847
4.704666
2.049448
-0.188950
1.054579
5.218677
4.548740
3.424037
2.955169
2.898647
2.832866
7.666609
3.029780
-1.973075
0.106619
8.140251
1.415959
-3.078069
2.721030
3.983553
-7.525615
4.388821
-3.852315
9.314147
-4.166605
-1.761331
5.321646
-6.390582
1.778705
10.154874
1.490386
-6.003150
3.869323
-0.185380
2.865149
-6.009824
4.418968
-4.800484
-0.171413
-6.658127
-0.595777
0.833695
6.063892
-2.595333
12.695603
2.141686
3.307576
3.388292
1.741502
-2.926879
1.577816
1.500745
-0.599257
0.028276
5.927929
11.353347
5.261567
3.953810
-1.809770
9.861476
-1.074771
-0.769092
1.384201
-0.335747
2.701442
3.099312
-0.574128
8.649591
6.427487
2.169818
2.946906
-9.014568
-0.233486
3.658010
-6.854850
-0.953399
2.251226
4.593404
-0.458309
7.968716
0.850274
4.903660
6.913114
-11.670469
8.267571
3.440891
-2.520983
2.085279
4.203933
0.207729
-1.983203
-3.335489
-4.593224
-0.349301
1.263560
4.658045
-1.584142
-0.696852
-2.659604
3.703093
8.048989
-5.097779
3.617857
4.232689
4.614607
-5.092342
9.914656
-1.714858
10.342984
3.293203
0.256897
-5.949349
-0.473203
-5.137908
-1.477475
0.650219
-0.053658
4.111630
-1.448697
-4.408869
9.432711
0.692209
-2.660216
5.645417
0.779804
-1.070696
4.880404
-0.023867
-3.480842
0.908653
-0.790165
-0.196510
-8.034607
-4.653176
0.235049
1.562186
9.928516
-0.025204
9.567844
-8.831918
2.477638
2.574168
4.300590
3.409900
4.181840
-10.138649
2.791094
-6.348743
5.401495
-5.143487
0.895499
5.860608
-1.282546
2.813579
-6.198107
-8.197995
-3.532480
10.419071
-3.444413
4.923249
3.609917
-3.298803
7.368390
6.397039
5.590353
4.734361
-0.134465
2.458943
9.924407
3.904930
1.674669
3.731064
1.133237
6.190229
-1.313731
-4.354345
-3.900805
-1.435954
-5.196763
-2.550707
4.499413
4.158311
-0.288789
-0.597361
4.466434
0.904279
2.287557
-7.120938
7.232195
5.725695
1.884358
6.159945
4.324924
2.120254
-5.208094
7.078162
3.693723
6.096836
0.250233
3.607855
-7.230384
3.831095
-12.029028
-4.622477
4.524440
0.934009
-1.212151
1.289435
3.206086
1.379132
-3.505507
2.567883
4.307084
6.642590
1.060943
2.626392
-0.507905
-1.314462
4.958558
4.519956
2.593724
3.300264
3.965440
-5.382902
5.236862
-0.867737
4.046980
4.810359
4.157350
-1.191962
5.230139
2.651223
-0.041664
-4.820761
8.454720
5.864571
-6.568415
-4.784632
3.969320
1.667005
11.966120
-4.668208
3.960201
-1.479872
2.749127
3.885902
0.137251
5.789722
13.411962
-2.784817
10.418973
2.867343
4.825975
8.848451
1.501140
4.780637
5.175179
9.663917
-1.389396
-3.423053
-5.697681
-8.522082
-3.058191
3.251364
2.859936
-3.870167
-3.895081
0.049819
-4.746209
0.408678
3.039396
1.747938
0.019025
4.677517
-5.030056
8.834064
0.929713
3.943551
5.125803
-3.456354
3.979381
-3.208226
-1.051851
5.912031
6.125252
-2.107806
-1.385512
9.801450
0.621189
-2.467098
5.778616
1.535018
5.881144
4.596008
2.122418
1.947103
0.897354
3.787786
-3.869971
0.480765
4.462059
1.523051
10.107698
0.625323
-3.100218
6.893891
2.220699
-2.301048
-2.000118
0.759473
6.573113
4.003851
-1.009818
3.492556
-1.585278
-10.393909
4.660623
9.606864
-5.483758
-4.190873
-1.212362
3.365834
5.975509
0.450573
2.676892
-7.489082
3.112865
0.245096
2.348470
-4.433483
5.342866
-6.225219
3.217924
5.908942
-5.828749
8.461393
13.391401
4.163055
-4.460405
5.367010
2.065624
-1.302854
10.013493
7.769515
7.652232
9.031302
-2.949207
-1.516174
-9.167554
7.620764
-5.606152
-1.417974
-6.032786
-2.593500
-10.617801
-8.331800
-2.653074
-1.437481
2.555989
0.096740
-14.147652
4.035875
-1.577193
-1.035268
2.236996
1.581506
-5.927151
4.562001
2.607193
7.932264
3.849314
7.879756
6.176845
9.933487
-3.317825
-1.838960
4.624830
1.731852
4.263527
-3.913033
0.584438
3.862047
-1.896626
5.050592
0.145982
6.764806
3.343178
3.258209
-19.174033
0.106545
-0.920677
0.107185
-3.747344
10.068680
-5.136095
1.155697
2.931421
-10.781546
9.540380
-3.446237
-3.590973
5.919887
2.904817
-0.507677
0.229135
2.851990
6.447205
-1.810243
4.751902
2.292490
-1.093683
3.298457
4.269788
10.236200
3.415551
1.127560
10.972236
1.152672
9.454716
-2.669073
4.758129
-2.187798
-2.758374
4.883347
6.396824
5.394714
-5.142145
9.055808
0.778773
1.197392
10.931201
1.389743
-5.647779
-8.301057
5.715077
2.131898
-4.771302
-5.268515
-8.030003
-4.400228
-4.164916
-6.490986
11.708459
-10.234450
5.975025
5.643935
9.714050
-1.026109
-0.604421
1.182387
1.154724
2.103687
-1.583866
10.230429
1.304352
-4.823836
1.495812
10.625172
5.726640
-0.228499
4.923657
-2.177239
-0.212083
-1.708940
-2.131682
-9.964661
-1.540017
5.143045
1.183770
-3.946314
-1.843387
-2.341200
2.936524
-1.929263
0.451865
1.097017
6.444817
-0.931218
-3.368233
-6.500426
1.154432
2.254202
-1.469333
-4.984916
5.919893
-10.720204
1.838980
9.287404
-4.530619
-5.123991
-0.967130
0.065716
-2.089960
-5.913666
-7.509144
-2.646664
-2.678168
-2.302298
8.307602
5.085742
-1.391768
-3.969018
1.719738
5.472323
4.619011
7.574679
-5.497724
2.792874
-2.716007
-1.213158
5.836825
-5.787892
1.883675
0.587511
-5.083437
9.089911
-0.637934
-3.438042
1.507110
3.213275
-0.317782
-6.411779
-6.567349
-2.849362
-5.032096
-0.809479
-5.464636
-1.923088
1.679463
0.477115
4.043642
1.982552
-3.146165
9.067275
4.318779
4.254411
1.000629
0.085570
0.278945
-5.012040
7.511713
-1.117815
11.803082
0.250713
1.928789
1.582019
5.266501
2.685297
-1.493993
-3.372595
1.529093
-1.956295
8.547805
6.980593
-1.521079
-7.905655
-4.859562
2.899567
-4.634256
5.902119
3.658657
-9.520132
-0.359941
0.797335
3.171556
5.932326
-0.477019
0.322827
-3.006625
7.794491
2.490470
0.620371
1.940599
1.326691
-4.011996
-1.602397
-1.769854
0.215019
3.004889
1.471954
4.014244
8.716352
10.350189
-5.188705
11.244114
-1.622677
1.668496
0.130304
9.433709
-3.474163
0.207969
0.033034
-2.856108
7.034512
4.340691
1.757060
-4.678425
-4.217923
6.888843
10.268767
3.335776
-2.018483
1.983058
4.632083
3.558530
-5.385589
5.590700
2.903395
-2.051923
-4.674000
8.827770
7.186011
-2.212286
6.581976
0.254624
-7.594414
3.374008
5.563876
5.277541
6.086199
-5.617999
-2.912129
1.067504
4.455302
2.815250
8.823611
3.443646
0.157220
-2.469995
-4.251807
-2.499518
-5.635944
-3.557989
2.877410
-8.586807
-8.484350
-0.101677
-5.527686
1.468473
-2.402556
-3.216727
-0.359141
-7.838913
8.219159
4.532651
-6.366832
1.460790
11.386035
9.784184
4.969025
8.210468
1.658633
5.801597
4.846783
0.058915
1.716320
7.412952
1.271234
-2.572026
-11.048104
9.164973
0.869285
-1.663771
-0.652335
7.314079
8.542050
-1.069596
-2.144832
7.190586
5.493924
0.383199
4.028480
-0.703176
-1.558408
11.182232
-1.811926
-7.335653
-0.647447
-0.766974
-6.505574
6.167592
-5.586394
-3.315496
5.880207
-12.232573
2.387204
9.543099
2.200192
-1.416073
7.678366
4.375471
4.948631
-3.701594
-3.436122
2.511096
2.846729
11.952153
5.479905
1.900820
5.135557
3.507511
-6.542901
1.789489
-2.915993
3.751562
-1.764145
4.517222
8.477725
4.052159
1.409126
-6.026682
-1.116186
2.601209
-1.153886
-4.146354
-8.516319
1.262800
-1.674243
1.713075
3.170799
-3.768871
5.053129
-6.223669
-3.216463
-6.078872
2.460911
-1.190352
1.315362
4.429657
6.897735
0.504017
0.127124
9.855986
-4.854864
3.224925
4.547102
-2.601473
1.996654
-10.719777
2.563197
1.930089
-3.977839
-7.542590
-5.763022
-4.962482
-6.662374
1.745339
5.364228
-1.197843
0.857589
3.572822
-4.045380
1.886337
5.217143
7.611017
-9.311872
-2.779688
-1.603259
6.008969
-5.711587
-0.749641
-0.980523
-2.860814
0.317140
-2.525109
3.928905
2.232317
7.173095
3.848892
-5.637491
10.739916
-6.872534
-3.903000
-0.951873
0.449447
5.963826
-4.649989
-4.170245
-0.026749
-3.578366
-2.977550
5.431664
5.049418
0.324674
7.109986
3.911099
-3.619956
-0.108790
3.959461
5.704012
0.138132
0.054025
-2.599032
-7.390801
-2.090348
-0.566758
5.240851
3.491249
6.278090
-3.762660
-0.046016
-3.545773
0.687002
-4.420424
8.938870
9.188253
1.889373
2.481032
4.137465
-8.400601
8.331888
-4.066622
4.783363
10.614870
-1.469721
6.520476
-0.974773
12.696146
-2.905232
4.329774
3.230087
6.588783
-6.030300
0.704283
3.575398
3.250720
6.738696
1.626492
3.867981
-3.834816
3.603322
7.362567
-0.801976
5.837186
0.152484
7.192794
4.527702
0.907473
5.546913
0.756664
1.591222
-3.186360
0.500067
-1.955668
3.077971
6.249589
4.969768
5.938595
4.241749
0.606906
3.450072
-3.049701
1.208391
-2.695221
-0.100251
-0.541778
-3.453239
-10.403977
-1.083624
0.960410
3.737451
8.550694
-10.357247
3.379925
-3.015230
3.120026
4.063688
-2.646766
-3.776695
4.993621
-0.560352
0.286542
5.386620
8.141766
10.159099
2.586078
2.287664
-5.958018
-5.250789
9.372684
1.291780
-4.843685
5.057284
0.770107
9.663908
7.947209
4.259202
3.143783
-4.851572
7.739377
3.915395
-3.806237
-4.488231
-4.388139
3.761294
5.316098
-3.608303
2.131603
0.293623
1.108611
2.362573
4.092949
1.550880
-3.258050
0.744969
-1.825270
-7.278172
7.789397
4.770076
5.159970
-7.956352
-7.966325
6.214752
-6.113994
1.636801
2.434570
-2.607403
4.030851
-8.443109
-4.774974
0.774669
7.474912
3.947897
-5.355466
-3.456987
3.088790
11.155017
2.056522
5.398077
-4.272296
12.651470
-3.559322
0.203991
0.772727
4.769721
1.232725
6.338607
6.896105
-1.426301
0.391832
0.542108
0.479629
7.040344
11.889469
-6.139321
1.789193
4.520035
-3.520937
1.711821
6.465080
-6.968518
9.310307
-2.666039
1.252432
-2.850574
2.210944
2.606215
-2.680438
5.893405
-1.201653
1.685572
0.296897
-1.506856
2.309920
1.801152
-5.966051
6.927375
-2.128876
-0.036877
-3.913028
0.051875
2.673105
5.384171
-7.740625
10.240672
6.074418
7.134403
3.297700
7.753199
3.764553
-5.182529
10.731658
-0.244446
-3.202214
1.141400
8.848275
-5.861881
-4.811930
3.299000
-1.153443
5.397257
4.733787
3.205659
-1.286534
4.536487
-0.958798
-3.108865
1.863167
-3.806552
3.348440
5.138181
-7.065187
-0.021770
5.659480
13.993820
7.050416
0.986261
-5.179086
-1.434598
6.400543
6.007018
-4.039712
-7.198925
-7.587648
-11.158720
-0.667480
1.119479
5.234821
7.040371
1.318755
2.547945
4.811504
1.853589
-2.447134
13.773945
0.713674
-1.567163
-3.181662
9.870935
-4.499690
-2.985785
-4.259964
-2.230671
-1.153969
-5.313514
-2.861445
-4.651360
-4.267657
-3.691968
10.649865
0.153057
-10.178898
-2.882987
-3.779236
6.482138
9.803130
6.579758
-2.620698
-0.073674
3.850819
-0.000610
-3.484648
4.978208
7.264863
-6.142521
3.992788
-0.028036
-1.353226
10.962774
7.222303
3.759664
-1.147377
-2.772388
-0.522926
-0.628716
11.153493
1.362092
-7.030929
1.378914
1.418225
-1.971120
5.873815
9.175180
10.387481
-1.693871
5.833234
-1.642941
4.549235
10.173733
1.734440
-3.792056
2.476155
0.108198
7.112916
-0.852841
-7.098412
0.077981
7.168007
4.982393
-0.021601
6.796350
3.705956
-8.589879
-4.111070
4.378856
-6.734807
-0.568582
2.823558
4.278724
-0.012467
-0.829083
-1.987473
-9.877279
-2.504478
2.418697
0.450457
0.019869
-3.723210
6.126089
-0.110885
4.900181
7.275853
0.822135
-7.368024
1.963532
4.144887
8.691592
6.011372
2.947561
-5.545991
-1.734701
4.286267
7.225378
-1.334867
-2.818178
2.827367
1.239844
0.030095
6.577680
-2.824915
0.449287
5.717029
1.126806
4.686911
4.292714
-0.162982
2.768347
3.092168
0.743243
4.196494
-1.040338
0.579654
-6.211544
6.590551
-5.706160
2.315959
-4.309561
-0.124918
1.846678
7.285670
-1.751267
-1.232073
8.108033
2.476357
0.556959
1.501081
4.742235
0.520500
-1.183195
1.272890
-0.092198
3.086698
0.604814
-0.686439
-0.810699
-8.608324
4.796363
8.238531
-2.971217
3.330383
-0.263653
3.459922
0.198271
7.641148
-1.199575
4.751483
2.758916
0.488041
11.039969
-3.994136
-4.082743
2.141731
6.454157
9.468726
-5.558206
12.065835
-0.527150
5.384941
3.828964
6.141214
5.370677
8.809502
3.226382
5.078136
-0.694281
0.559088
2.819331
2.757584
-1.361530
-3.690596
7.179490
-2.950945
-1.157129
12.669516
-0.998333
-9.878115
-3.822042
-0.161493
-6.203122
1.168320
-7.138766
1.496885
-1.676120
-1.179435
1.534963
1.362423
6.862997
-4.781926
1.631376
-6.649703
6.536808
2.952167
9.908284
-0.326082
3.017047
8.896515
4.931920
1.588998
-0.487846
2.840285
-4.108141
9.054658
11.901355
4.422321
-1.067407
-11.403775
0.246074
1.572357
4.575867
-7.524322
4.511971
-6.550126
9.908780
-4.146195
1.800762
5.328467
8.062405
7.107089
1.785945
4.316737
-1.499773
-1.623783
-7.102998
1.944409
16.644002
-1.530529
-3.428365
-1.008037
-5.486441
4.445629
-3.084276
0.799234
2.742799
-3.770919
-3.547318
4.269772
-1.798730
0.711962
-7.813185
10.633824
7.983130
2.986751
5.228774
1.051483
3.882945
-2.014212
1.544992
-0.658670
2.601794
-8.050524
1.522385
-3.535009
-5.505730
4.757370
5.169251
-8.412819
-1.449950
2.261765
0.150829
0.072818
2.639001
-1.581942
-2.399453
0.213245
-5.471495
6.963965
10.224242
7.677704
-10.139430
3.450188
-4.905048
-4.631635
-2.279561
-1.447361
2.566100
-3.014706
-8.003806
1.614532
8.226086
0.361224
3.856826
-1.635865
-3.565645
0.964897
2.690351
-1.278404
0.470113
-3.053717
8.857164
0.121446
9.296039
6.344416
1.181588
4.049852
3.182308
2.587054
2.043746
4.033931
2.614461
-2.286679
-0.484205
-0.218019
0.670049
-8.235281
-1.444672
1.618675
-4.553244
-3.590419
9.957722
4.445586
1.192535
-6.131619
-4.462252
8.273911
-2.035487
7.926747
-3.156637
4.042892
0.116122
6.760158
1.125718
-0.525309
6.265419
7.680106
-2.238479
5.115861
4.319665
7.242118
11.031587
2.360380
-2.237294
-3.258140
8.090391
3.565851
5.163988
4.837396
-12.875863
-1.215968
1.267920
-7.103250
15.265530
-1.937260
10.323916
-7.860663
-1.710213
-1.513523
0.605497
6.635295
2.861124
-0.924138
-2.260157
5.287676
2.517514
-5.042665
-2.102663
3.759632
7.670775
-4.556151
-3.568044
5.596126
7.094309
5.002407
2.213934
6.071940
-1.722296
-2.218778
-5.247382
-2.104054
3.869078
-3.761908
0.454545
-1.932054
-2.130227
5.540802
4.326624
-7.510719
1.811082
-2.448540
2.557543
-11.262866
5.319016
-0.399138
-7.628468
2.031662
6.883812
-4.970116
0.011175
3.924511
2.975804
-0.131113
-5.092220
-2.532703
1.335188
-4.211908
0.796365
1.885303
2.534490
6.177304
7.286554
-0.528636
-3.650469
3.524675
6.444695
-5.055197
-8.805219
-0.802257
-6.867099
6.170902
1.986106
-0.778371
6.978473
8.084190
-11.687724
-5.341698
-1.827521
-9.646511
-5.377738
-6.082006
1.449234
0.893732
0.634085
2.776483
-3.934252
-5.761832
-0.796287
2.269415
3.579433
0.924797
0.145251
6.501180
-1.324379
8.853236
-4.475056
5.696738
7.713428
-1.676794
-3.139655
3.061066
1.317907
-5.501138
-8.213797
6.793630
3.213357
7.107278
1.083009
4.877276
-5.531263
-7.626121
-1.209291
-1.111001
-7.016166
-3.202778
2.247402
-2.506505
9.691863
1.447882
-3.271430
-2.957292
-3.192180
-4.514643
4.265876
-6.420748
-4.836017
-2.048987
-6.130505
1.692345
-4.267912
-6.653248
9.525532
11.665166
2.541117
3.076217
-0.470757
-9.190084
-1.041889
-1.096278
1.643037
-1.754021
8.411641
4.155187
-2.562916
4.395770
-1.766749
-3.462951
8.145014
0.844848
-5.132553
4.672167
1.898589
-0.708848
10.466727
6.741022
7.192102
-1.807033
3.090032
7.258414
2.613804
2.214132
-3.275174
0.674591
3.374424
2.478172
0.513352
-5.046484
0.786231
2.346172
2.582265
-5.609794
6.149785
3.118070
4.849568
3.189379
2.481279
-3.031372
-2.593008
4.501585
-9.624601
-0.889897
-7.001967
-7.476151
-5.105441
5.025697
2.374337
-5.769503
4.231668
-2.451445
6.676852
-3.543564
9.874284
-7.699916
0.811658
-2.252720
2.449034
-0.844566
0.502262
3.152850
-0.973840
-3.674197
-3.278124
-1.081615
-3.356099
-2.341312
2.941111
12.575748
-0.646234
3.097356
8.382624
7.345755
6.915011
0.532594
0.377119
4.699961
1.849981
-6.834051
5.639011
5.407981
-0.155044
0.623436
10.341119
0.328706
-2.021506
3.068417
3.663397
-5.831383
1.706589
6.104544
3.507214
5.803847
6.430442
-9.129227
8.133874
6.098871
-0.654626
-4.341367
-5.604753
-3.138530
-1.526404
1.327801
9.678035
0.281445
0.461735
10.366727
-1.868836
-2.695443
2.264978
-4.119075
7.980197
-1.167653
0.304994
4.395137
4.680930
-6.395624
3.452258
0.735374
3.354715
-1.541289
0.911134
-0.913956
-4.439628
-3.567973
3.402249
0.250629
0.380082
3.429929
4.296084
1.529444
-1.231049
0.375161
-3.813800
1.458853
-5.284956
14.344111
1.333390
-3.413410
1.680049
2.814151
1.958387
-3.213117
3.087161
-0.760381
6.263766
-2.048942
0.038058
-0.087557
-10.398690
3.284184
6.669197
1.512534
-0.042452
8.166897
-1.191890
-3.526257
1.872849
-3.528455
-1.046819
-2.256738
4.002133
7.556906
-3.956861
-2.102692
7.047040
-1.854655
5.417213
-2.238281
-2.008405
4.979225
9.763424
-0.221055
2.890919
-2.617147
-4.435094
8.214324
3.113213
12.164775
0.205953
0.412922
-5.395448
12.446244
4.554674
1.528861
4.920046
-1.826083
-1.033567
-3.115964
2.273252
-2.200513
10.822331
-2.971458
0.531327
-2.135791
-2.602555
2.928370
-0.705581
2.888457
-8.821774
-7.015763
8.249505
7.935187
-1.175143
-3.176211
-0.864702
-2.525641
8.581568
4.049985
-4.147629
1.421457
-6.027044
0.547314
0.279542
4.788527
-1.342650
-4.142915
1.118820
0.777813
-7.851329
-11.203569
-0.633065
-2.273807
-1.112836
-2.771129
2.768594
2.042397
-10.143465
-16.140353
8.880787
1.558086
-5.644464
11.250580
-9.056223
6.172527
11.097008
-1.670751
8.832779
-0.139690
4.288349
1.187490
6.277972
-5.413082
5.822046
1.844503
4.433906
-4.214861
-1.363624
15.160407
-6.203540
4.219736
1.398871
5.519436
-0.593082
1.539845
1.760718
-7.303579
1.910626
-2.392016
0.011602
3.474598
-0.310350
6.487247
9.490185
2.157895
-1.846312
7.711366
0.515804
0.761947
-1.295848
-6.056310
6.571230
2.962132
-2.206440
10.038538
3.016557
-4.032795
0.550065
10.451985
-5.218589
6.611830
-3.756933
-2.764889
1.913443
-5.727700
-7.091509
-0.314810
-2.512092
-1.243032
7.127386
-6.866005
6.890425
2.656120
0.077437
6.162492
2.581020
-0.002551
-2.780855
-11.267081
7.400424
-1.743178
-9.382835
-0.965765
4.077399
2.224229
8.782634
2.787572
13.882765
0.017415
5.508953
1.370322
4.202355
-6.153002
-1.428455
1.294018
-4.043111
9.785965
0.045384
-4.800016
-4.429784
-4.141310
-7.453371
2.397392
0.713129
-5.284837
0.503925
-2.079177
4.473468
-1.044542
-0.136082
-1.423326
1.669389
8.401895
0.160170
0.489111
0.312903
-1.557476
3.320789
8.027546
0.995222
-5.408813
2.316737
4.189772
-0.199390
-2.651072
-6.506593
11.229663
-1.986629
3.541204
0.218794
-2.233895
3.560164
5.560097
1.939023
-2.819595
3.940750
5.662352
4.802491
-6.885788
5.041117
4.019647
8.883205
-0.658711
-9.713452
-8.369435
6.757572
-8.257157
-2.686441
4.126430
-1.265624
0.693652
-1.274603
-1.415882
-6.584210
1.610304
6.029006
-5.807768
-5.205842
-3.652100
5.458569
11.168753
-1.523940
-4.518029
-2.223435
-2.330225
8.468488
-0.749239
-3.063727
6.823582
-2.143256
11.027655
-6.835903
-4.182088
-6.078668
-1.493345
2.347189
-0.928919
-6.762204
0.389632
-0.678694
-1.333511
-7.985324
-1.947862
-1.365470
5.264988
-8.211593
9.553556
-2.200753
-4.886299
6.864171
-1.719584
7.425854
-0.484579
-4.893707
-0.415679
8.944981
7.438598
4.623477
-10.004859
1.916333
8.669770
-6.712819
5.543992
0.374315
3.791441
1.542063
5.911595
5.452162
4.371898
3.526892
6.263406
0.406479
1.051791
5.668690
-10.437771
8.987996
2.850509
7.991369
-3.717599
4.708974
2.062172
-2.585516
1.835651
-0.282202
3.585552
1.717852
7.755601
-0.650453
-7.592567
7.804392
-0.688600
-0.296560
3.633472
11.001617
1.508870
-4.540074
1.200976
5.861602
3.207322
5.084184
4.522888
0.644229
3.661553
5.341543
4.907107
1.229034
8.059664
-1.092250
9.627128
5.071749
-3.056899
-8.224822
8.012326
10.483390
2.329890
7.241340
3.928246
1.270913
-2.383376
-4.692061
8.061418
-1.676527
3.524936
8.074530
-2.406001
0.704314
1.275133
4.331877
4.796579
0.846814
-4.698056
10.475515
4.564504
-2.996821
0.926166
-0.710647
0.505860
-1.077189
-6.529350
-7.622927
-2.511358
-4.367701
-7.386217
3.287303
1.537377
7.367734
-8.419166
-1.232733
3.945571
3.130862
0.357923
8.521169
1.194997
-8.305919
11.263554
1.116875
7.543229
0.348556
4.082170
-0.597609
-3.608789
3.615990
-5.573855
13.124291
-3.880736
4.298090
-5.968393
2.724087
-5.873794
-0.842064
8.387503
3.560037
9.707576
2.089413
-2.392258
-3.630817
0.965166
7.123867
-0.128988
0.428947
-1.468409
2.166904
-6.280302
2.394199
8.645845
-11.333832
-3.302310
5.575901
-9.164627
-3.432158
2.186911
5.884665
10.878116
2.024030
4.354416
-0.168556
-4.323484
1.135771
-7.273310
7.560863
3.028784
-0.692268
-4.028771
7.739825
3.550280
-4.952190
1.696406
4.737775
1.300874
7.873196
6.103154
-7.612160
-1.825074
1.460943
7.794558
-5.773857
-8.273473
0.617326
-5.903018
-7.027989
-5.502939
4.087652
6.667795
-2.095600
-3.558350
-2.651509
5.492150
-0.067637
3.020651
16.912358
4.364125
1.830993
0.523119
4.491024
-7.343683
4.239439
1.842037
4.197304
-1.611040
-8.073343
0.112972
9.516697
-0.709442
-6.416610
12.742235
1.546088
-4.083365
1.601417
-1.138018
3.469615
-0.739754
-0.462048
-7.725834
-2.345317
4.317584
-0.479156
2.592318
0.927012
-7.605094
-5.351528
2.702232
-2.306033
11.819972
10.868075
-0.448072
-5.278315
10.770370
5.874547
4.930917
-3.045269
2.394649
1.015658
2.015246
2.690122
2.939761
-4.338176
3.728151
-3.137773
12.001038
-3.667806
3.210572
3.352782
6.113563
0.243358
1.684821
-5.621365
-4.648953
1.608484
1.154179
2.360468
3.258113
6.438219
3.456087
3.378041
-1.757196
4.605231
1.888089
12.569057
6.219177
1.618680
-4.972544
2.382181
1.965807
-8.994702
-3.798431
-5.525344
1.014028
5.695912
7.616592
-2.746268
7.492821
1.817188
2.610874
-7.960453
1.091647
-8.606494
1.388558
2.375175
2.612339
0.393589
-0.525712
7.092006
8.622104
-2.796647
3.018047
-0.580633
10.562623
4.657211
-7.554331
2.851899
8.322912
0.083998
4.076890
9.688995
-2.685472
6.635271
3.439094
-1.804325
-5.467569
6.129637
1.842700
3.689073
1.322019
8.464064
1.863320
7.942299
6.571225
-0.537306
-4.437686
-4.603339
4.879195
-4.070941
1.414545
-1.225617
0.229702
2.457881
1.545104
6.051979
4.724934
5.786052
-1.962874
-0.867108
1.797796
1.371063
2.679441
3.040984
4.776983
-5.366886
0.933410
-2.939296
-5.311652
-3.030492
2.281371
1.373889
7.918000
13.810774
9.555637
-1.807546
-2.411849
0.675666
-2.267487
-0.755033
4.267994
6.023052
-1.396699
0.762462
-3.242511
-10.073993
-0.976134
-6.814476
-1.646446
4.167057
2.319589
-0.752918
4.707766
12.851695
5.539090
4.221116
-3.008730
10.154959
-6.027725
-2.194419
2.136166
2.471863
6.100255
-1.071972
3.917484
-2.529332
-0.450460
-3.028643
-7.594627
-0.334574
-1.976637
-1.939551
6.091512
6.534427
-3.194188
1.911384
5.692561
4.841399
6.452313
3.560099
-2.999919
-0.774524
0.218105
2.950353
0.139010
-2.267830
-1.328697
-2.752000
5.245791
6.646503
0.395978
6.646869
4.001273
1.255046
8.095243
-6.565272
5.484401
5.504627
-0.650514
8.028172
5.359236
0.519396
6.616299
-0.373227
6.551754
1.687590
6.590018
-1.211104
-1.448915
-1.156249
-1.741281
-2.113149
5.737823
2.699334
-3.150765
-6.437904
-4.011361
0.819837
-2.195165
-2.091437
7.604328
1.018579
7.599738
-2.732421
6.520061
-4.178481
-6.219101
2.087297
1.826058
5.875168
4.860020
6.746254
1.340948
0.101031
-0.641558
6.397845
-6.736459
8.957973
5.044055
1.017192
4.583106
-6.329991
-2.268491
2.447590
-2.818092
-0.164441
-2.352414
-5.228000
-2.483113
0.801422
4.838653
-5.204905
2.618284
10.262239
1.169906
3.053248
4.143271
-4.433644
-5.629070
4.627892
-2.200777
-0.260225
-2.492315
-1.883359
-1.436039
8.147026
-4.242624
1.131234
-2.252906
-0.138908
3.228915
-2.303321
5.339397
-2.523265
3.557115
1.279133
-6.412034
-3.720601
6.376216
-4.260317
-1.174444
8.701653
6.364503
-1.370495
2.773602
-1.158387
-0.379612
-3.808401
1.927839
-0.354769
-7.779875
2.491074
-3.450426
2.028652
-2.077562
-1.444377
1.700759
5.252437
4.039868
1.922054
5.652123
-6.566246
7.160285
-3.427591
-0.444229
-4.526295
-2.516636
9.942193
5.320255
-1.133460
2.252823
0.627642
-6.258695
3.578489
2.895777
-1.123376
2.676541
-0.430465
-1.826043
-2.541233
1.409020
6.052156
2.143108
9.134748
3.025248
6.959985
5.430272
1.691828
-3.869328
-6.042011
9.017149
1.840361
7.655986
6.681868
1.794206
-2.557454
-3.124868
0.207208
-1.013066
-2.390622
4.450566
3.695661
0.469420
-0.531509
8.778519
-2.576820
-0.953180
-14.906610
8.099226
-2.629268
2.392341
5.155586
-2.677457
3.644010
4.687603
-8.606066
0.287536
5.350989
0.975792
8.884628
1.013326
-3.101130
8.526682
1.256932
-6.045207
2.165302
0.971500
-10.846346
-0.351898
6.491221
-4.332518
2.767010
-2.886921
-6.405946
0.528864
-7.016168
-2.511106
-5.718882
-5.940544
3.852886
3.007481
-1.993726
0.142294
5.827077
-8.616776
1.875951
-6.266519
5.927345
-6.207208
-6.452418
-12.874101
5.887879
0.580141
7.894770
1.923183
8.984249
1.740774
9.117256
7.098634
12.687691
0.184682
-0.761829
-0.378669
-0.695761
-2.200500
-2.055260
-5.095469
-0.949011
-0.137711
1.727487
-6.999953
5.140749
2.063366
7.453776
3.980697
11.182244
7.768952
0.110874
0.867205
-0.502665
6.532165
7.946298
2.846838
4.841174
-0.975681
6.333880
-0.460455
0.305714
6.849325
4.835882
-1.752058
-9.220896
-2.581232
6.927704
-8.126368
-7.166565
6.609944
-2.549011
7.072360
1.085275
0.774554
7.560186
-3.420494
-5.369756
-2.866430
3.642927
-0.154992
-3.154783
-3.486099
2.101348
5.067609
-2.032639
-1.723296
0.497408
-4.071469
3.135848
-7.051623
-7.298170
8.912344
3.477764
1.366516
-1.675690
3.073309
-3.447981
9.439127
7.800928
-2.785605
-2.150703
-2.058595
-0.442728
5.248961
-4.531804
3.381408
2.302181
-0.975373
8.754546
3.041954
4.338685
-4.775922
0.981067
4.502521
2.098260
-1.394975
-3.136284
12.870070
-3.267758
-8.517092
2.353309
2.097404
0.120971
-4.042709
-8.681851
-3.806196
2.897773
3.575105
12.322659
-0.926230
5.101381
4.246453
-4.960569
5.469876
0.316561
5.167757
-14.600558
-0.712398
6.230486
8.561153
1.893181
1.262279
-6.130222
-0.558754
-4.105660
3.887574
1.997652
-3.825029
2.612163
-0.513401
-0.745417
-0.323444
-0.374337
-1.093562
-2.294449
1.937383
-1.250504
4.918757
4.786150
-0.701727
3.447697
-8.001350
4.248755
-0.568427
3.748060
-2.026563
5.101512
5.061789
-7.928584
2.928858
0.467381
2.280103
-1.836243
-10.571678
2.652802
3.284713
2.491421
1.888621
4.998120
9.035669
-1.262992
3.294163
-1.206797
-1.907974
0.309814
-0.127440
-8.575371
-7.030226
-3.237074
4.173039
4.576577
-6.329587
4.237517
4.724128
-4.748194
-0.824134
5.972213
8.910726
7.959087
0.793203
9.005009
2.702554
8.739006
5.666989
6.536995
-3.338872
-2.763354
1.741217
4.785996
5.531591
0.849133
-3.011675
2.427662
-6.878541
8.375664
-2.594184
-0.466707
2.571847
-3.109556
1.411943
-10.211257
0.705372
-5.578066
1.722404
-1.309969
8.212779
-0.725741
-5.893024
1.389281
-0.404574
6.170605
-2.223463
6.431848
4.515039
5.256635
3.280906
-5.929997
7.337995
1.279147
0.915913
-0.808100
-2.827965
2.630413
14.885555
-0.042157
4.078187
3.354119
9.712185
8.327458
-1.104683
-7.005851
-11.686345
4.750948
0.617342
-0.850409
2.428670
-0.942577
-0.760411
6.039262
1.726761
2.480957
7.347712
-5.642633
7.678229
-11.338885
2.350639
3.628906
3.480377
1.783340
-4.012127
5.904225
-4.096701
4.250308
-3.688230
3.554695
6.043067
-3.873100
-1.316265
6.216477
1.889520
-5.193946
6.089537
0.506771
-6.125205
-2.278089
-3.648826
-4.236685
0.845909
-4.501883
-3.164623
5.072724
3.690729
-8.358847
-2.769197
-4.197250
10.751099
-2.716325
-4.955858
-0.012855
-2.445192
0.206513
3.428554
5.930463
8.610129
-2.809987
2.743931
-2.607950
-11.302773
3.934070
1.493800
-12.555799
1.780020
5.082755
0.233289
4.471616
6.268629
-0.173937
11.339891
4.779004
7.328781
6.708294
4.657863
-4.093507
4.069692
-4.936439
-3.961565
4.253530
-1.054083
7.140876
6.651010
4.785765
-2.116867
2.854884
-8.633327
4.517702
-0.805203
0.987630
-3.803839
3.507473
3.463224
7.096948
4.413780
2.948408
2.331506
-7.345290
13.235162
-1.548162
-0.088137
2.698525
0.080048
8.473770
1.260415
6.674975
4.474652
6.032884
-6.576883
2.829646
4.428379
3.204835
-2.504655
3.075923
4.809328
0.268457
-5.166578
-2.305043
-5.606213
-9.707996
3.235136
5.854076
2.995503
-15.278056
0.403915
-8.640199
-3.098785
7.417729
-0.438773
0.615383
4.547742
0.802190
15.002365
-3.411016
7.829991
1.457383
-0.560997
2.431100
-0.493499
3.410192
3.737445
8.364942
5.148140
3.024493
-3.096780
2.466472
-4.202700
12.231787
1.049529
1.793864
-5.388208
3.235173
5.155661
1.210215
-0.304042
4.834544
0.859811
2.561653
-3.828776
-3.651582
8.248714
-8.058382
-0.105413
6.476821
-6.523508
10.300023
2.700215
5.812006
0.894864
5.049948
2.434293
-6.347636
-6.725175
3.162606
-0.056270
-2.379944
-0.570510
-1.810006
8.436407
-0.869720
-5.656704
6.948367
-1.630920
0.490243
1.999710
-9.581845
-0.132339
2.570421
4.557067
10.395061
4.666896
0.980973
-2.330116
-2.041567
-0.658899
-0.567297
-2.897310
5.980029
-0.141948
0.482491
7.775669
1.068614
17.506743
-0.619358
12.673282
8.750587
0.661163
2.424629
20.214598
8.431822
3.847992
0.313618
-6.073951
-6.467103
-4.782994
-7.116820
2.701309
5.804267
1.201395
5.266799
4.600847
-4.529536
9.732847
-2.527740
2.324774
-4.163029
5.906450
-0.542331
8.949003
-8.652315
8.532980
-6.805496
13.078739
-4.080879
3.736491
3.997837
-1.448562
1.857200
-7.856104
1.565897
1.964780
1.089890
-9.086965
5.454757
7.376511
2.635415
0.877436
3.047423
2.853703
1.294174
-4.842666
0.645953
7.326567
-0.954032
6.420709
5.972257
4.212868
-3.142284
-0.453519
-7.530922
6.146380
-2.116301
-4.569732
5.192187
2.481330
-2.143684
-2.608623
-2.256907
-1.961162
1.890724
-2.838535
1.022115
9.386083
-5.597413
-2.174263
-6.944880
4.866124
-2.606370
-4.568837
5.681278
-7.454896
-6.599159
1.359813
7.256158
4.602562
9.648134
3.488355
11.340906
1.549468
9.558220
2.843542
5.534634
6.177239
3.478707
-0.008106
-2.391627
1.536534
-9.726941
8.676048
-1.230359
-3.081276
0.017006
3.735155
0.018650
6.503822
-6.119694
6.158570
-1.604811
-5.023004
2.781534
0.018315
1.514447
-0.534081
5.265218
0.852478
8.713190
1.983292
-5.104569
1.585273
0.889436
5.787266
-1.667302
-3.949636
-3.587346
6.643278
0.039887
5.703195
8.885115
3.393549
-4.251060
-0.266586
0.424864
-2.798827
-5.326362
-9.898878
3.317211
-7.769889
0.599596
-7.665075
6.873018
6.335270
-4.223555
13.428918
-4.848702
2.779495
-10.323287
-2.175840
-1.870453
2.649961
-3.761845
1.508193
-6.562107
1.169247
11.122153
-0.998583
-2.157466
3.739504
-4.284446
0.229710
5.773021
7.775286
7.224652
0.512425
-4.496752
6.022459
0.508900
2.959374
8.536747
-0.104415
0.320317
3.011927
5.095874
-0.335476
8.489703
6.771437
3.007807
0.294530
-2.880006
-0.543954
4.648655
-2.446610
-7.804307
-1.298639
-5.855734
8.574384
1.369744
4.897207
-4.535179
5.175893
6.039154
-3.625543
12.076767
0.897471
6.927739
-0.991990
0.176700
-0.396171
6.498006
1.641337
0.466556
11.600331
2.875795
10.539330
-1.218547
2.495017
4.389056
7.950643
-2.186358
7.739327
2.136609
-2.822436
5.560555
8.127926
-2.616470
9.947623
-0.101101
1.992201
-1.286223
2.584215
-6.723369
1.070579
-0.092988
7.958041
2.766402
-1.703814
7.228603
5.548723
-5.076486
-3.576829
-4.912320
6.357846
4.736140
3.589301
-12.145274
10.276701
6.565211
0.487890
-3.168913
-3.807945
0.681123
-1.581406
5.289211
-2.460165
0.072708
2.607635
8.404275
-4.568652
10.486188
-5.559706
2.626472
1.990738
5.578271
-6.725202
-3.008331
2.850256
0.244270
0.856846
2.623334
8.548433
1.361673
0.744358
-2.797895
1.359280
-3.547438
-3.090605
-0.346383
0.003346
-2.896032
7.963802
-2.313212
-0.391254
-5.314294
-0.013977
6.378419
-1.525219
4.016756
3.066412
-11.302096
0.373252
7.731583
-12.287288
0.735045
-0.125516
6.956948
-12.033918
1.376147
3.250040
2.227817
-3.461658
0.383985
-3.207759
-2.017774
7.199265
4.823496
2.393892
3.721873
4.214754
-0.366629
1.579987
-0.187842
2.595180
-0.186767
5.233332
0.771327
6.564787
-0.285909
-1.430706
-2.913430
3.087813
-2.690458
-3.608977
-3.669275
-2.328665
-2.479754
-2.767164
1.993540
-2.985618
1.061614
4.268490
-4.262224
-4.261933
-4.668840
15.154298
-6.186269
5.686570
-1.073232
-0.947459
1.902564
-6.032899
-4.407238
0.737571
-0.709721
3.789307
-2.565399
0.808171
-9.425226
4.070997
0.985696
-2.532356
-3.388390
-0.012471
-7.297939
6.859113
4.525471
3.195683
4.090856
-1.551813
3.745335
1.232761
0.202228
-4.450737
-2.516453
-5.907773
3.317911
-1.165977
1.264623
8.025318
-8.192164
-3.442223
5.427475
-2.716387
3.694230
-3.545832
3.618508
1.437700
-7.148257
0.276206
10.503626
7.907205
-5.222987
-11.403778
2.273615
5.228884
14.076510
1.330938
8.271349
-1.930964
3.062693
-1.208284
-5.308714
-2.653381
0.778973
0.239975
6.164257
8.743050
-1.015699
0.560180
1.437000
2.704207
-9.388898
0.780727
2.976655
4.155422
3.987196
-3.168351
2.792456
7.392173
-1.202504
4.190796
6.234371
0.028792
3.867639
-6.195883
5.273126
4.963512
-1.235199
4.325103
7.534448
-3.220386
2.682451
1.218286
8.031992
-1.373016
2.559284
-0.552204
-1.725495
0.731619
7.195552
5.154742
3.636839
11.165019
1.823031
14.761744
-3.023757
-1.866075
3.444393
-8.999055
1.127408
-2.230902
1.572212
4.089946
-9.664925
-3.410008
-1.155219
8.143831
1.380158
5.975222
6.762779
11.807699
1.518776
5.664125
7.949479
7.798526
1.680794
-0.681677
5.676494
-1.478235
-6.217641
-6.195210
9.461987
-1.412073
8.862950
7.845874
1.726221
5.157842
0.145822
2.787200
-2.469946
0.322120
4.682653
-7.335781
4.231670
-2.756008
-9.818929
5.868957
9.429767
-2.450418
-2.367211
-6.028167
-12.033141
-0.310006
1.400760
-8.058479
0.498226
-2.186103
-4.441382
4.843342
2.016858
4.718032
-16.501117
7.582139
-0.950590
-0.053230
-0.939229
5.799767
-1.518194
-0.495112
3.352822
1.476146
6.919675
5.845527
-3.677240
6.419588
-0.178759
0.414849
-2.488628
-1.810748
3.621909
3.435251
-1.560541
4.205944
4.892215
-2.646596
-0.098487
5.974781
-0.510253
8.956993
-1.605542
11.578382
-1.835018
0.754167
-6.973127
-6.716293
0.004374
-0.547813
6.957966
-0.145810
4.089960
1.290031
10.535073
-4.078341
-1.225353
4.101387
2.096249
9.302192
-7.895601
-3.631986
5.152842
7.555202
1.724847
-4.005416
-4.605678
0.694546
-2.861092
3.186373
3.948352
-1.776797
6.648700
-3.444069
9.176090
6.683627
0.567315
5.683855
4.213823
6.450742
1.701553
5.726737
6.042430
-0.596962
-2.249818
8.838121
6.994201
-0.411905
8.815011
-5.501134
-1.594437
-6.842439
0.156444
2.776534
1.582112
3.369948
5.973509
0.530413
1.498329
-5.177463
2.275942
6.253873
-1.239624
2.299654
-3.982506
7.250583
-10.325544
-2.347172
6.426113
2.307579
-1.313615
-0.579011
0.336988
1.806584
-1.547271
5.458323
4.353624
-0.333634
7.670437
-0.410637
-1.178522
3.051211
5.497210
2.430228
-0.445015
8.337488
-2.792437
-1.185966
5.261349
1.921631
1.183117
2.513531
1.072502
-6.905680
6.732419
-2.756615
1.269880
6.274783
-0.495455
-7.923760
-3.488516
2.666538
10.540653
-5.249702
7.224980
4.416257
3.333369
-5.329779
3.587549
-5.174456
-3.918605
-4.829367
0.752229
0.974892
4.949451
-3.285588
-0.346178
1.072782
4.663822
0.301546
0.876868
-0.084244
-5.726036
0.841277
4.602213
4.325366
-2.609993
-1.333149
2.035226
1.336988
6.409984
0.915235
-4.645313
10.102587
0.047306
-3.752846
9.263911
-3.300232
3.320928
-1.829261
-5.049744
-0.673187
0.940576
4.799333
-1.527553
3.348134
4.580785
-0.563909
1.454452
6.421635
4.831291
-6.308267
1.854969
6.825956
6.763538
-5.411098
10.314892
0.284324
-13.816405
-0.558529
-1.168148
0.136540
6.015012
2.113189
0.418489
6.671505
5.496811
-4.518557
-5.665799
-4.613062
12.372580
-0.684457
0.564372
-0.801642
-5.525523
-5.978357
-1.954673
-3.399195
4.742433
0.129514
6.019546
2.262268
6.463785
-4.844319
7.072646
-2.594938
5.298203
1.010375
6.826015
-0.617844
-2.130164
0.947409
-0.548773
2.990643
-8.519747
-0.399645
1.927990
-2.695699
2.894772
6.577943
3.446380
-0.916811
7.579842
-2.564478
6.732162
-1.796005
-1.465408
8.979358
-5.485908
-3.490765
3.555735
-0.794931
10.290273
-1.712279
8.546405
1.383225
1.760422
19.825715
-6.394774
-3.839811
1.961129
5.274322
3.978857
-11.787313
-3.033529
7.354670
5.745404
-2.761389
-3.206245
1.083026
5.823836
-1.213758
2.540658
-4.725575
7.598616
3.195508
-2.427960
-6.967549
-0.843386
-0.143401
-0.747872
-4.647196
0.448011
-1.835924
-0.129386
-8.107435
2.768110
-1.001140
3.965668
-5.900422
-8.689861
-7.882484
2.851823
-1.682571
0.845892
7.745985
3.590277
-7.957989
7.523672
10.634684
-2.320729
4.054435
-0.054873
3.267217
-1.848563
4.766575
-4.908178
-0.022460
-1.223573
-5.091385
-2.694953
7.119599
1.041642
0.625512
0.792278
-11.124663
-1.113190
-1.653935
-6.975622
0.300192
0.676418
-2.506831
-5.214989
3.120722
-5.424069
11.496382
5.338842
-2.507770
8.898779
-4.327199
4.075676
-4.304702
3.969454
2.198440
-1.086114
-0.520915
7.253093
2.000589
9.789764
2.536065
-1.001219
8.843755
7.904613
-2.146979
-7.394795
-3.726734
-1.142763
-9.775994
-1.751848
0.806410
-0.807174
2.184064
-4.273875
1.600467
2.605930
-1.385690
2.240840
7.085938
2.006718
3.808944
-5.185581
-6.095772
-0.502651
-0.017071
-4.156465
-8.471844
-4.164270
9.315872
3.900517
2.815243
3.330982
-0.506563
-5.130545
3.701354
4.272291
3.645064
0.086901
4.545182
-7.215384
-5.822644
1.990413
-6.212300
1.721159
1.440772
0.922777
8.554781
-0.581837
-3.474302
4.380297
-0.181601
-11.461321
1.856065
-5.756804
2.040097
-7.037599
-7.173644
1.262912
2.479676
0.090948
2.512556
10.451516
4.418036
-1.020075
5.669948
5.264152
1.682800
5.044910
-3.738608
-5.898482
-2.375291
-2.472030
3.367285
-0.214623
1.602333
2.420317
3.351404
2.046185
-3.644830
6.319811
6.558426
7.900811
4.060996
3.894749
5.610133
-2.914394
0.754570
1.786415
-1.172530
-13.195780
-4.385971
8.501121
-5.814858
1.703834
-11.951338
5.712452
5.737631
-0.581439
6.036003
6.756631
-0.525106
-6.743883
-2.122726
6.397298
3.854307
-0.030624
-6.728276
1.035308
4.959694
-0.146462
4.008596
-4.061454
0.866565
9.259084
-9.780910
-0.863678
-4.481626
-0.189727
-6.002270
1.133885
-0.359830
-0.371036
-4.761524
-0.388720
-8.765735
-4.081882
4.103696
-8.811148
-4.924653
-8.789792
3.175015
3.407934
11.797480
-1.575504
-2.994909
1.167502
-2.513766
-1.202257
6.478239
3.860902
9.525974
-6.929550
6.244447
1.455434
6.661972
6.937657
1.349502
-4.228159
-4.936456
-2.534227
-1.647139
5.108371
-2.665009
5.447834
-6.804533
-4.762576
6.033478
5.926537
-6.102486
-1.993381
-2.719164
-2.611383
1.838642
-4.685206
0.966942
1.766765
-2.254565
0.842181
-0.219372
-5.352048
6.342463
5.595951
0.072774
-3.511894
1.384221
5.383809
-2.509874
3.851593
10.986434
-0.162724
3.541726
12.013218
-0.519511
10.109433
7.304395
-0.671919
-5.328896
4.082015
-2.239971
5.217498
3.901986
-0.921776
-2.480657
4.996559
-0.164857
9.849716
4.861356
1.676954
0.870409
3.361502
-9.275481
-2.826135
0.868905
-4.585134
6.506496
-1.953948
0.945432
0.813434
7.242337
-9.231105
7.702901
6.938417
1.373880
9.356360
-0.493217
1.380331
-0.301522
1.192597
2.238455
-0.955739
9.574226
1.840201
-4.812905
-3.071377
-6.680178
-5.361635
2.099649
-2.400623
0.664994
5.638718
-8.251968
9.584053
2.520202
0.830492
-3.206615
8.824548
4.999118
-4.369709
-5.301277
-0.408018
-2.340241
-4.491440
7.694258
-1.703757
-2.384983
-5.206869
4.310022
2.577105
0.934912
-1.082851
-1.048760
8.330369
-7.682244
-0.413009
7.139883
2.253381
0.191817
-6.322582
4.647186
7.311663
-5.932763
-6.180393
-4.474663
3.979178
-3.869208
-4.413349
-4.903128
1.226447
0.155228
0.458748
-2.909571
-2.101762
4.051768
8.188427
4.709369
2.030952
1.921842
-4.346880
2.351339
-10.586367
0.699906
2.178894
-1.219632
5.880772
-8.404488
5.882663
-3.778327
-4.465713
0.035794
4.526607
-1.079198
1.564193
1.859090
2.329308
7.430132
-6.911815
7.020456
-0.998369
5.320086
5.822538
-3.200790
-0.686851
1.754357
6.472029
-5.073946
4.487916
-3.583175
2.458691
4.292339
-6.999957
-4.172116
7.682346
-3.133233
8.381391
0.984667
2.192848
-7.452140
2.889231
-9.053210
11.793896
1.392392
6.889607
-6.126952
-0.565585
1.849058
-1.488466
1.267024
4.220321
5.154130
3.744934
-1.283036
7.395408
1.440639
8.435101
3.628819
-4.829949
-6.355882
1.685206
6.562996
-2.863700
-2.869920
14.520733
4.484831
-3.000160
-0.331295
-0.283406
2.358233
3.795000
0.049963
8.381325
-2.199175
-7.195463
10.731573
-3.440160
0.358167
-3.363908
-1.988760
-0.363389
4.990603
-8.600215
-0.387327
-3.306654
1.705987
13.639707
-1.057792
13.620494
2.955369
-1.485168
8.428956
4.658675
0.238235
11.506888
2.615366
-9.052395
1.439930
1.031311
7.821941
-5.388075
6.092732
5.322698
3.315920
6.018993
7.614932
-2.059372
6.452673
7.663993
-5.968735
1.527607
0.236348
6.993679
7.028119
-4.241956
1.401658
1.361889
7.191628
2.860107
7.414896
-2.671764
-5.296093
0.347969
2.174814
-2.783986
8.016130
2.281158
5.208783
1.924107
4.995682
-2.171345
9.439798
-2.407196
2.866515
2.521715
1.852515
6.487324
11.109301
-5.961321
1.377918
-2.736749
-2.674537
2.421544
-5.694287
0.471909
3.270787
-3.935824
-1.212639
-2.090012
3.013075
-0.081510
-0.078148
-0.262863
5.517154
8.139383
0.457667
-5.029212
2.852624
0.602209
9.821451
4.876706
-1.074497
-3.709603
4.647289
1.996587
2.049571
11.086233
-4.922638
0.004621
-2.790088
1.648686
6.498116
2.706323
1.354228
-0.113859
2.783143
-3.326706
7.545587
11.902230
-1.905582
-4.400880
6.932553
2.933318
4.897044
7.510300
-0.929934
-4.543957
-0.435197
0.245934
7.185085
9.509485
-5.220126
2.484048
6.230366
-0.134423
-5.796828
2.269930
4.333329
-3.304041
-4.347112
0.912085
-1.057082
7.874191
-4.239722
2.248860
-5.430554
3.775295
-2.097051
1.679943
2.597343
1.956740
-4.360572
6.426033
-3.235019
0.684843
-4.423359
-5.808665
0.927826
-0.947663
-0.202868
-1.624569
1.827197
-3.920025
-1.862433
-3.122830
2.793181
-5.074966
-10.763490
1.889005
-2.858529
0.358770
-2.629451
-3.270059
4.156862
-2.212387
1.498474
0.606488
-0.981131
-1.122546
4.734267
7.804062
-1.919892
-1.387921
0.487981
-3.668409
-2.655573
-0.146298
0.876584
7.612305
5.097211
-2.002721
-0.154294
-1.950281
2.311274
-1.123852
5.029275
-5.749098
-0.744423
2.854192
10.168654
-3.371477
5.734115
9.677152
-5.846643
4.658795
-0.482853
1.524644
12.763448
7.423074
2.762399
-4.921136
-7.466764
0.755592
-2.437574
4.308857
0.569380
2.994453
3.143595
-5.135254
4.567455
-1.787309
-4.629969
-1.666459
13.201728
7.746006
9.867723
-1.618421
11.572618
-2.580114
-1.080388
3.722015
-2.803898
-2.939579
1.919348
-4.306887
-1.731256
-9.271712
-1.128231
0.789119
-6.421596
7.904065
5.927564
-10.033676
3.883694
-5.002680
0.401498
-9.397961
4.055932
8.139412
3.965245
7.580258
4.054661
-4.680478
8.990513
1.191594
-4.050316
1.865418
-4.218728
3.887944
-9.782396
8.104314
6.034779
-3.373591
3.958708
-4.609731
-1.621261
-0.687040
6.860663
1.859960
-2.200817
-0.059883
-7.018873
6.682330
0.265860
10.353201
-3.716995
4.757276
-7.228478
-1.676402
6.791927
2.505177
1.062921
1.000274
0.211735
-5.425804
4.750722
3.305357
-5.546016
7.664538
5.708045
10.790241
9.276460
-7.536568
9.859792
-12.488585
-6.305180
-2.703864
1.544656
1.648723
5.430559
6.013469
-1.339071
-2.768230
-3.105545
-5.813508
-5.988838
-3.074040
-0.555280
2.008808
9.342802
6.800437
2.590004
-1.430522
-1.771242
0.684228
-4.948842
1.988847
1.642279
-1.555711
12.732753
-2.227625
-0.514762
-10.772312
5.596867
-4.501326
-2.921954
3.707762
3.061551
-1.733534
1.431781
-6.361049
-2.331714
5.956065
2.336638
-1.737653
-2.824006
6.511932
10.095470
2.662594
3.591073
-5.711373
6.790574
6.979074
-0.233062
3.898801
1.455366
6.468702
-0.693829
2.004647
2.210677
-3.339887
3.212831
2.059823
7.265248
-4.506917
2.473076
2.060877
8.831303
4.497589
4.047054
4.180636
12.346505
7.328284
-4.109810
6.059751
-3.720042
-3.525906
5.008914
3.946292
2.690411
3.427042
-2.150634
0.366332
1.331914
-4.065256
6.694117
-1.241079
0.233497
-1.719626
-4.727715
7.182545
-3.675717
3.179463
2.303936
-5.262534
-4.972483
1.316715
-2.974176
0.253304
-2.406856
2.563188
6.761991
4.331327
-5.644050
8.944349
6.899705
5.243212
-6.788813
-3.790396
-2.168437
-2.985108
1.178626
-0.870803
-4.606829
-2.039431
2.059415
9.578218
-1.711303
3.608925
-2.217906
-0.450397
-3.905634
5.408349
3.722547
9.051726
-4.145298
-11.878704
-8.410509
-1.503652
5.744458
-5.289033
0.733658
3.450329
2.057010
3.375875
0.730136
-0.038751
-0.401235
-7.962244
5.609440
0.924664
-3.890991
2.692383
5.852231
-2.106546
-0.056303
0.857518
3.960128
3.049191
-0.592516
4.199598
0.365469
-3.030179
4.130383
-5.268464
-5.087537
-0.463920
-1.598005
3.821195
-1.683507
2.823073
-8.640099
1.564770
-1.383186
0.806867
-6.485903
4.583621
-2.079623
-6.689767
2.080830
3.034343
2.795719
-3.716780
8.977242
-6.380463
3.357706
-4.644976
-7.250970
0.534091
18.878074
-7.118177
-2.706382
2.646134
2.175562
-5.552577
2.936185
5.656820
-1.734429
-7.921661
-3.040705
1.052475
-1.336179
-1.764637
4.793560
4.740548
-1.289118
2.285762
1.755957
7.038485
-3.321386
1.108135
-3.318624
1.500247
-2.788647
0.367594
2.786948
-6.937984
-3.683867
1.548300
1.733999
-8.958498
5.714789
1.524906
0.957577
-4.096328
3.504552
11.817096
4.863885
5.525253
4.627579
4.384457
-0.272422
-6.844032
0.654491
2.294483
-0.369100
6.874305
0.081387
1.461435
0.392278
-1.761583
7.302382
-2.677757
4.381764
-6.557341
3.381961
2.763348
-0.413468
2.713817
5.705348
-4.241289
4.336224
-3.690957
3.742070
4.020336
5.732159
0.231622
-9.212815
-3.152231
-7.399295
6.271872
4.477052
-1.951466
-5.355646
5.344079
-1.596504
0.604494
0.964636
-0.400673
-3.435763
-3.729248
4.679702
-0.792086
6.608723
-2.999229
0.850374
1.867387
4.379555
5.331321
3.346062
-4.503708
-0.357691
1.842099
1.389014
-1.656708
2.716749
6.049364
-7.559172
4.715268
0.730158
2.311389
6.843242
-0.009449
5.590155
4.496388
3.393033
4.847150
-5.487495
3.427179
-1.248060
5.292337
2.552489
5.535649
8.833345
5.238758
-3.018774
5.715113
2.175052
-2.868511
-1.587013
-2.300179
10.347408
0.807546
-2.980726
-2.253148
8.059242
-2.242102
-3.254991
-5.966813
-0.313297
1.389902
-1.482733
13.561531
-0.690984
-1.813885
-3.481981
-1.201096
1.789970
4.062369
-0.459709
-0.214398
3.383176
1.025546
0.955755
-2.151861
1.906184
-4.584366
6.536280
-0.766334
0.104280
5.318075
-5.832675
1.696485
-2.170452
8.775951
-7.967334
5.639384
-13.390997
-0.113221
5.825720
2.616679
4.089937
8.583765
3.392440
-2.731756
-1.021148
-3.623484
5.601765
6.746332
3.341573
-0.240428
7.475839
1.220715
0.977152
6.686452
4.141206
-4.809989
1.432485
2.423410
5.156166
-7.670976
0.326759
-2.691072
3.901743
11.550823
-1.267375
0.871212
0.286294
0.189736
-2.426033
-1.348484
-0.499838
2.476007
3.821408
-2.018086
-11.892187
0.348739
10.966786
2.562424
2.384579
-3.353170
1.015344
2.282399
-2.598322
3.581726
-0.069764
4.439066
-4.807342
-1.254389
-2.403431
1.406850
-5.195351
-5.285651
-4.653366
5.711831
-2.226647
3.779063
-2.996883
1.762784
-12.371105
-6.115416
-1.088888
6.566240
4.517409
2.823378
4.626591
3.996169
-2.985147
4.070194
-5.273096
5.299096
0.280781
-0.968881
1.264759
0.677013
-0.323855
-1.717611
0.095328
6.899154
-6.518258
2.959154
9.055085
0.870269
3.434692
-5.319847
-4.622090
1.068721
1.943013
10.278646
4.853207
5.003572
0.995156
11.906495
1.969042
1.737093
6.474939
4.776913
-7.996559
-0.596910
-6.010275
3.232284
2.861160
1.356659
11.033749
2.088641
5.512262
-3.689197
1.269135
-3.146523
10.374273
-2.073782
4.244089
4.102604
1.826257
2.423914
5.395484
1.976543
6.374458
0.489742
0.713710
-0.076013
-1.915524
6.089249
1.721864
0.681272
9.296371
-9.341988
6.981089
1.136659
-5.283411
2.591186
-9.018731
-7.221438
6.874240
1.033443
11.741370
0.010729
-3.666557
6.309886
2.192486
6.315576
-1.564099
2.630243
5.860858
16.982884
-4.071097
3.214088
4.764624
3.312780
0.874183
3.613126
9.181679
3.539731
2.448099
6.733055
-4.975644
-1.321334
1.927504
8.259306
0.143754
6.412504
2.826937
-1.770591
6.944598
5.512693
3.842455
-9.455286
1.739801
-3.599075
-6.061680
-7.325492
4.364060
9.085258
-1.599070
-3.949313
-0.315724
4.312395
-4.328347
-1.687972
-2.451760
2.238596
6.318076
2.734380
8.334931
-0.985873
0.349410
-4.909397
-4.291750
-2.009893
7.621016
-3.347167
2.826345
3.681882
7.202417
-1.859685
-4.109628
6.382216
4.324116
7.634258
0.210759
-6.920359
2.836003
3.615892
0.266788
19.931340
-6.311242
3.533450
4.318156
1.055950
-0.830852
3.033594
-7.233399
-2.874922
1.985250
-1.892496
10.696094
-1.058771
-7.844583
-3.628098
-2.332403
7.708687
14.377088
2.513763
-4.217356
5.890330
2.989292
2.130486
1.972118
-8.222734
-1.376909
1.285028
16.099732
-7.870792
1.314050
-7.682672
2.720114
2.931565
5.075364
-3.747182
-0.907970
11.494515
-5.050245
-3.413802
3.810863
-9.601704
0.260709
7.750182
-1.871616
-2.370158
0.331102
6.256551
10.459889
7.053168
-3.680399
11.166962
0.640231
-1.371866
-3.451657
4.399776
-4.617012
-2.445585
-4.653508
-2.627458
-1.501961
14.308123
-0.372286
15.456036
2.010512
1.619584
-3.908047
5.276393
-9.839965
2.622850
1.448373
0.170103
-0.742808
-2.494141
1.364905
7.801908
5.407540
2.959062
-0.150404
6.593772
4.599821
4.264080
4.495308
-6.856965
-1.303135
-7.951813
2.520864
5.390219
2.363925
2.965080
0.566629
4.862081
4.339425
-3.786413
6.029617
-1.798431
5.396334
1.437859
-3.960411
6.803565
1.998848
3.622888
-0.122002
-1.514182
-1.871478
-10.245004
-1.173771
-0.583161
-1.444525
-1.921289
7.332033
3.617276
-1.512256
3.061029
6.275073
-2.056087
-4.562888
2.607295
-6.905292
-2.285065
3.879109
0.424739
-0.140706
7.185434
3.079693
0.556487
4.532678
4.211192
2.688187
-2.715672
-1.934130
7.014379
-3.758972
1.053941
-0.984876
-8.156602
10.447221
0.340681
-0.826606
-3.800020
-1.411973
5.025222
5.796903
2.759656
0.849621
1.652184
-1.939141
2.477289
-0.017184
-0.455747
8.809410
3.165172
1.975368
-6.119076
-0.359147
-1.928341
11.250735
5.032908
6.479118
6.582623
0.379083
-0.357513
1.340034
-3.362562
2.108301
6.027823
0.177556
7.839396
0.406919
-0.482650
-6.271756
2.510440
-0.652606
3.274231
-4.156830
5.604599
-5.296119
15.592336
0.638844
-0.076931
-3.310133
0.614594
-1.235112
-2.814552
3.814735
-4.720278
6.006411
0.628527
0.498246
-5.269415
3.986428
-10.453132
-6.295638
-3.221122
7.697873
-2.261128
-1.164668
0.031809
3.993802
-0.399566
1.184400
3.503917
-6.600296
-3.782478
9.827671
-2.570008
1.183140
6.264839
9.565958
2.439158
-6.026341
-0.052033
9.745133
1.564185
3.724100
-1.614350
2.915566
7.118066
-0.127806
-8.735341
14.937433
6.878596
-3.999916
5.718012
-2.086484
-0.490901
1.921762
-0.639001
0.401461
-2.277020
-1.084148
5.350237
1.281950
0.448845
1.207460
-2.116034
-11.210466
-5.046543
8.817843
0.121398
7.369451
1.689978
-1.211444
-0.477705
-8.936924
0.288044
4.211078
-7.794235
-3.095198
-5.765572
2.208566
2.621903
4.641190
11.871621
-4.112274
-2.706210
3.632466
3.403165
-1.931783
-1.764413
7.919547
-1.475693
2.126432
-4.771273
5.090084
7.389629
-3.028099
3.032071
4.577358
-1.158272
5.029549
5.370401
2.133029
2.784006
-6.227574
5.554926
8.313028
4.097466
4.661230
0.231136
4.979386
-12.190790
4.723285
0.227433
10.367126
2.466361
4.462660
-3.129237
-7.378466
0.924270
-1.706007
12.230666
1.080082
4.130179
5.447524
-1.519404
6.577866
1.674916
-13.211872
-5.261548
2.308764
-0.806607
6.533166
1.554585
-0.507380
11.763795
3.132196
3.697838
6.197511
-2.552094
-0.190093
3.310184
6.906806
-3.909755
3.080715
2.178525
-3.707091
-3.915431
2.747301
-7.925487
-7.425432
1.415767
0.936187
1.473747
-5.355079
5.485003
3.367828
0.969166
3.568235
2.237385
2.247075
-1.042967
-0.176899
-6.483146
-0.532490
1.325090
1.533966
0.259546
0.533284
-5.543770
4.631866
13.691479
-1.177707
7.528476
12.636004
2.504609
-2.353655
3.147915
7.719738
5.422861
-2.963409
-6.079912
3.657818
2.527387
-6.106668
3.884410
-0.809226
10.675423
-0.291503
2.779462
3.062231
8.067959
3.749208
0.205091
0.731159
12.352771
0.296658
4.656610
4.629852
9.401566
-0.763985
1.304196
4.646712
2.268037
-0.461465
-1.578537
-0.518325
4.482064
1.491467
-4.541823
-0.301978
5.137873
14.405073
4.216611
3.751661
6.249852
3.089506
-3.581596
-7.220496
7.143154
-1.435118
1.281454
-5.925231
-2.277954
-8.105683
-4.477834
2.913864
-8.001341
4.452580
5.196954
-6.697587
1.083392
-1.009295
3.143851
4.412055
-9.572717
6.936923
7.561407
-0.578252
-8.030805
-1.913234
1.552737
-1.425712
7.814823
1.381995
-1.713029
14.160368
3.222342
3.214576
-3.970879
8.053397
-6.986128
-5.568997
0.574091
4.763455
0.146393
4.937392
-0.486168
11.390377
8.059617
1.077363
2.038437
0.957785
-0.243638
1.593828
3.426536
-3.460238
0.248584
4.918228
3.021483
6.094672
-1.659298
-9.052443
-10.787278
2.886920
1.348356
3.963432
-3.953557
-4.860556
4.179126
0.794642
-1.443459
-2.065433
-1.339290
1.741782
-3.163338
-2.071647
-5.727037
-3.950472
-2.136256
2.154645
-3.029583
1.336941
1.375781
-7.339134
-2.221422
-1.554355
1.362356
2.976152
10.167647
-1.596027
-3.957524
3.536985
-1.074307
1.292811
-0.648932
2.193345
3.908110
-7.269888
-2.416085
6.371650
-0.224719
4.349537
1.000967
10.511318
1.433512
-11.751346
3.816898
7.309679
3.959954
2.258859
0.703307
-3.186529
6.770071
4.754990
-11.363242
-3.307341
6.265622
-6.995936
-1.405158
-7.893037
-4.019514
-0.428039
-0.757992
-5.558658
-4.590845
4.356059
-1.131290
0.153332
-0.041854
-9.863176
-3.402819
3.105312
-9.358436
2.889051
0.951094
10.627789
2.194503
1.513336
-0.838205
3.757098
4.002522
-7.543394
1.537615
-2.596277
12.681924
1.631039
4.366373
-4.692106
2.826898
2.337535
6.217691
-9.748098
1.961519
4.945990
6.983740
-2.361606
-0.415089
-6.508057
4.292567
4.277100
2.398315
4.496617
5.974120
3.665568
-3.135517
8.146188
7.614478
-2.731582
3.761417
-4.829578
6.846840
-7.393507
-3.741022
-3.020287
0.257090
6.512660
13.197764
7.773619
-0.590208
1.893376
-0.781762
-1.150703
-9.895785
-6.868082
-3.114425
-5.020415
0.696968
-6.398392
2.219431
0.408659
6.593804
13.612827
1.503356
6.256528
5.697756
-0.767375
-2.995086
7.464238
2.204315
-7.107750
2.756463
3.365608
2.517457
2.518564
-0.055614
9.077909
3.580864
-2.554802
-5.194480
0.872343
-4.521618
4.569709
-5.865744
-15.327764
-0.115078
8.999870
4.341616
6.339429
-9.963321
3.052616
3.804472
-0.296051
2.502063
-0.667729
-0.417092
2.988040
6.554300
-9.131204
1.402789
0.342658
3.315692
1.955169
-2.610690
6.500509
5.077850
5.061582
-2.296943
-5.799951
9.741684
-5.273447
4.745413
2.651250
3.623089
-0.977427
2.487993
5.482475
-6.047966
6.514767
10.273205
-7.452686
2.837966
4.571788
3.545051
2.998306
3.033081
5.497172
5.297903
4.037748
7.438765
7.599166
-0.314224
-3.438124
5.675526
-0.837568
8.727100
-1.503715
5.665754
-5.160661
-6.058110
-3.721426
-5.167376
10.670836
1.549428
3.928299
-0.773977
-3.345516
-6.684091
-0.423226
-4.240384
-2.046843
-4.538085
1.161723
-3.780628
-6.420231
9.090567
2.667599
-3.974573
-0.855545
1.423105
4.142959
4.499322
-5.442457
-1.443769
1.952717
3.172402
-7.951594
8.250219
2.286838
14.757980
-7.624815
-3.848075
-4.578615
-2.920267
-6.913402
-1.361528
3.492707
-4.823762
-1.582366
3.477787
-2.034776
2.592275
6.839049
4.253748
2.029480
-2.107646
9.164281
4.841628
-5.403755
-6.548018
4.833996
5.441055
-0.748047
1.160263
7.705546
4.955758
5.282925
4.001816
1.046350
13.385739
6.205091
-1.188451
0.384430
8.814730
5.538857
-4.135680
2.846192
-0.264843
0.264405
1.344162
-1.614175
-3.964377
-2.934116
0.467683
0.444820
11.394105
-9.229942
-2.401415
-1.042174
-6.947406
8.933987
5.822641
9.124507
1.188188
3.189378
-2.446865
6.437297
9.640587
-8.775129
4.141686
-3.373862
1.479052
11.216586
16.791159
4.598456
-3.047295
-1.623401
-1.273558
1.029799
3.607291
9.477819
4.040880
8.494172
1.105389
4.935435
-1.152434
3.573316
0.337494
-6.477198
-4.469345
1.909382
1.116810
0.938826
2.649950
-2.856413
-1.699466
3.272705
5.440963
4.452821
8.121010
4.191987
-3.996415
1.990013
1.293583
8.969305
-4.317526
5.770642
1.663889
3.323044
5.883342
1.576773
-4.167004
1.987042
-0.855429
-4.510182
-0.979756
11.244496
1.962270
-0.971358
-5.008963
-3.751412
1.832607
4.008629
-3.879440
3.599444
1.311283
6.434141
13.361922
-0.064469
7.149482
0.033023
-0.822986
-3.394306
8.123974
6.684773
2.314700
-7.322831
-4.612291
-1.491679
-0.275377
1.486513
10.982688
13.746021
5.670956
3.047483
5.576576
-6.048312
-1.249267
-1.364183
0.720238
-4.097511
-2.900916
0.709398
1.682070
0.386762
1.497338
1.173600
3.985777
-7.916002
0.415314
10.675248
-6.199374
-4.462884
8.668889
-2.930618
-3.028360
-5.687466
3.949781
11.146468
0.855929
-4.421035
4.342566
-9.304750
-0.492109
-3.929987
5.292778
-5.146436
1.466836
-3.179852
5.108850
3.623398
11.446072
4.128418
1.186119
-7.319907
14.293468
3.701578
-4.346849
-0.911884
3.439033
6.550776
3.111864
2.938722
-4.137058
4.560668
-4.398016
-6.388796
5.347397
0.616053
2.709547
2.127379
2.749098
1.350012
5.850642
4.527428
-0.636924
3.375290
4.783673
-8.967256
2.612758
-6.808252
4.516191
-1.535267
3.477326
5.794298
3.070792
4.887422
0.645665
-2.966653
11.386956
10.254476
1.392416
2.282558
-3.663650
3.154405
-4.411043
14.842680
2.408856
1.806705
4.510302
0.695588
7.433093
3.091804
-5.558850
7.158529
1.572996
4.740094
-0.424209
-3.595509
-0.478585
-6.611645
-2.961193
-9.041079
-0.259311
4.610028
0.324072
7.322367
-1.909513
-3.152570
-0.402632
1.146454
-1.190403
-3.969778
0.847162
-2.783972
-1.161720
1.049759
-7.682238
8.429470
8.374995
-5.175243
8.688910
-1.744421
-3.628815
-1.516567
0.364978
-0.917298
-0.683052
-2.386346
-10.407088
3.598529
-3.995954
-1.352063
1.006245
7.249551
-0.645359
-3.931384
-6.235926
9.644558
-3.264330
2.858814
1.480857
4.943359
-7.311362
-4.032880
10.282391
1.480518
-7.054230
2.426270
0.145536
-0.693852
0.372808
-7.649358
-0.410826
6.188056
2.969057
-5.910110
11.532160
6.666515
-2.971467
6.964199
-0.140418
-3.654285
-3.564529
2.137412
3.483238
2.789408
-10.340789
5.346308
-7.663304
4.457245
0.902083
2.238479
0.497677
-3.394409
-3.055118
11.196848
6.403143
0.876323
1.836140
3.467174
1.222765
-4.288292
1.468285
-2.211050
6.881725
-3.145133
-9.458017
7.705177
-7.147689
2.085036
9.659084
-1.354754
4.754080
4.805470
0.343166
8.184937
0.711189
3.459251
-1.480579
0.350004
0.781295
2.741828
1.927870
0.794257
9.279593
2.795277
6.109930
1.490551
2.844942
2.964324
6.136875
-1.218923
-0.994343
6.484087
7.849866
1.195421
6.283196
1.134659
-3.877603
-1.709189
-2.001203
-2.907731
2.861712
-2.003774
7.832951
-3.275091
5.575527
0.201545
7.165964
15.648803
3.538678
4.701080
11.013950
-0.502973
-3.670480
8.691546
-3.645042
-3.508800
-4.634727
9.125607
1.055575
2.186157
-3.586754
-1.275567
-2.355248
-2.749527
6.561287
-2.411723
-1.035966
2.266802
-4.938614
-1.257556
-0.941851
9.020021
-6.464286
-3.090100
-1.934887
-5.903782
-4.569627
-1.023273
-2.856610
-0.128512
5.536407
-6.884883
3.814166
4.141584
6.262478
4.869046
-3.856285
4.438183
-3.942321
6.237571
-1.157620
-2.854786
3.899212
-0.772526
-5.884075
5.193441
4.385051
2.643233
1.987345
5.143839
-2.860254
2.831056
3.140980
-0.345036
2.276407
1.835082
11.744397
8.804472
5.090918
-3.615185
4.243533
-6.378499
3.765064
-5.380222
-7.337438
8.263931
-0.817987
6.807734
0.872497
8.460212
-5.054739
-12.631531
3.295204
13.897184
6.029998
-5.541136
-4.194832
-7.366283
-3.653848
-8.601322
-5.792998
0.178381
4.117735
0.631332
-3.740046
8.697184
-1.182449
8.761919
2.061341
7.238472
-0.137967
0.688356
4.946502
7.047858
4.016581
-2.881909
1.713541
2.443922
10.641838
4.622011
-13.206796
-7.196910
11.019989
8.410118
3.331049
-4.184927
1.871249
8.055612
0.544864
-1.404007
-1.321361
0.293218
10.637930
-0.327767
-4.451230
-10.341260
0.474654
-2.681388
0.684884
-0.383201
-1.347611
6.737003
-5.449678
-7.834137
8.464864
-1.543768
-0.065389
3.557405
-5.694538
-8.135553
10.082091
-0.364271
2.002435
4.457761
-5.570408
4.638751
-2.126988
4.642565
2.571797
1.224135
3.144771
-4.023321
-1.423268
-1.762140
0.697619
0.616224
8.007750
5.603586
1.940743
-4.857691
6.372964
1.541726
5.120605
-1.840934
6.089985
-4.207911
4.430895
2.926608
-1.722737
-0.283089
-2.553814
0.397176
-10.422308
-2.295111
-4.145516
-0.783448
5.921468
4.120118
8.666003
2.065462
-5.360821
0.648157
-9.250712
4.652588
3.691350
-2.762468
5.113877
-5.080615
-6.748528
5.873770
-5.395633
2.708295
-6.332266
-3.523374
3.584203
10.080671
-0.416556
1.300242
5.133584
3.330523
-0.829997
-0.032260
1.856704
3.685454
-9.604849
-15.242718
1.123625
-2.206208
-2.737833
0.080164
2.131016
2.485070
-3.174350
-8.360681
-1.849460
0.837911
-9.479559
3.521109
1.195076
-4.809849
4.105078
4.396696
-0.447374
5.905006
1.651112
0.109911
-5.814120
-0.652169
4.681479
-2.256093
1.760312
1.590967
-0.152800
7.949111
1.193588
-5.304334
-3.397421
18.455164
-4.076526
0.706077
0.329435
-1.364617
-7.785134
-4.763962
1.749099
-6.053497
0.116667
-0.389583
-5.330285
0.829434
0.569296
0.123474
-5.290478
-2.137320
14.243262
-7.772833
-0.855976
5.866909
-10.436086
2.609917
3.622625
-8.794784
-4.776012
7.572968
1.798465
-3.215767
6.643493
1.963554
-4.634947
0.054782
2.050409
3.222536
6.626300
-3.476929
-2.672466
6.808726
7.212381
2.921779
-1.162933
3.959015
-6.540879
1.437732
-2.504356
-5.792236
-3.236897
4.014230
0.220549
3.942735
-4.387082
1.238827
-1.332965
8.399485
3.434547
1.760138
3.829435
-1.671977
0.854721
-2.305032
-4.646051
12.454649
7.658347
-0.710269
10.791046
0.633991
-5.981833
-3.047033
9.194732
-1.257470
5.765286
-0.999780
-0.294844
-8.844020
-0.663980
6.819429
-12.661616
2.186172
4.898500
10.428712
0.337232
4.447572
4.318139
-3.473788
-1.809860
-7.208640
4.122666
3.865583
7.588848
-1.436359
-5.027360
4.293854
-4.770528
-0.937227
-2.321163
8.968513
-0.255459
7.158960
-4.731391
0.545887
3.390707
-1.997400
-7.394784
-0.428120
-5.652117
6.479403
-1.626137
1.668565
-1.081080
-1.831165
-0.018478
1.898373
-7.571391
4.930781
6.670109
-8.214733
3.998416
-7.260247
1.263912
2.472920
5.617499
6.554795
-0.463163
0.806740
9.216635
4.004899
8.113101
5.379797
-1.339721
3.831661
-2.052918
4.017051
-2.153889
8.970841
1.596309
-3.334534
8.935978
-3.497747
7.119957
0.432944
-5.766062
-1.501365
-7.569970
3.181609
-2.078765
-8.683701
-1.735676
9.231284
1.830959
-0.417362
3.584316
-1.617331
-7.516145
3.336719
4.286791
6.348378
-3.248640
4.673534
0.160846
-1.707085
-3.169916
-0.484381
8.700757
-4.300519
1.178199
4.263413
0.990419
1.669897
-0.670381
5.718738
1.368075
-7.065746
-3.064573
6.749599
-2.492675
-5.490429
6.311654
-4.072291
7.522212
2.633222
8.097460
3.320103
0.984444
1.361531
-4.497108
9.809806
8.011233
-11.355528
-3.472950
3.986107
2.339887
4.165726
-3.859400
0.564745
7.193130
-5.835601
5.724934
-0.116117
-1.286290
-9.345374
5.398359
-0.129442
-0.545389
8.920644
-13.727111
6.016777
4.845295
4.061644
-3.635203
0.566589
3.761618
5.313478
3.226406
2.731349
-0.714011
5.194479
-1.173430
-1.030620
-1.098024
3.052339
2.896862
4.050620
0.921235
-2.954387
5.955874
4.643571
2.579432
4.356239
3.478225
-7.345140
0.367852
-5.591853
3.280122
2.884692
-1.532672
-0.133001
-0.611164
0.867553
7.369764
-6.889640
-1.261742
4.335143
-3.069571
-6.197098
6.155530
4.694497
-1.510823
4.192771
3.389724
0.110362
6.397224
1.409806
-2.058917
11.821751
3.359845
1.439561
-0.026737
-5.952396
-4.606044
12.001521
10.732935
2.455865
-8.943006
1.328342
-2.026318
-4.963920
5.634181
-1.832747
7.842263
8.420601
-1.350540
-3.130906
7.070555
4.402038
-1.138414
-0.122209
-1.435366
-8.988651
-3.182199
-2.450929
-4.264410
-9.529701
1.492587
4.975103
1.860166
5.408061
-0.978444
1.596767
5.093316
-3.458795
-4.404397
-0.662012
-0.467409
-3.966532
5.319624
-5.594845
0.026754
4.351602
5.188757
-0.538904
-1.215119
-4.911217
-1.439980
0.937336
-2.749672
-8.676013
-1.045544
-8.895425
10.509785
-4.902896
3.672624
-1.814832
6.536719
5.046242
0.395481
6.082960
4.884391
5.440021
-3.684112
11.674257
6.806367
6.775658
4.613098
1.561035
1.684965
0.641823
0.151887
0.126264
-8.266577
6.862062
3.098782
-8.504979
12.319047
7.415930
-0.665514
-0.998502
1.894709
8.145581
2.871953
2.343853
6.863277
0.840720
1.883826
2.279827
-10.620893
-3.355929
4.039014
-2.577854
6.129168
0.878121
-0.618904
-4.454208
-7.753939
4.982218
3.259422
1.018571
4.131624
0.619035
2.683001
4.663837
6.818902
-2.143305
-4.693475
2.449379
-3.458267
-2.603830
2.225368
0.610838
-7.403304
9.100513
-6.625733
-2.772915
5.706271
9.248833
7.891798
-13.021352
3.397751
-1.016372
4.328516
-1.577934
-2.096591
1.871073
1.289076
-5.357752
8.211710
3.791587
8.859910
8.065539
2.760146
3.278771
2.524817
-5.076452
2.165436
5.729622
4.626209
6.258939
-1.103833
-1.119624
1.041095
-0.936908
-2.289121
-0.834000
1.054409
0.063124
2.944990
3.226814
1.189347
4.003489
2.955472
-1.455055
-0.264304
4.735844
0.617558
7.067999
5.452138
-0.634225
-4.545128
-5.693827
8.953659
4.271655
15.278412
8.729245
9.084311
-6.820066
-0.284603
-3.106686
1.913947
-6.864210
-5.406408
3.541239
7.850946
7.419391
3.717570
4.817881
-1.520207
-1.973686
5.443161
0.548342
10.532915
1.366163
0.186353
5.156011
5.796930
3.629938
-0.120414
7.047213
3.916164
-5.069272
5.278715
-4.279423
-4.157894
-2.882539
4.323413
9.009510
0.158315
-2.441092
-3.062105
-12.585655
-3.971028
2.479326
-10.809837
-6.449929
0.622499
3.963849
4.275680
15.552621
6.747958
-0.521376
-1.083522
2.192437
-0.590409
1.944529
12.391658
-7.341491
3.607930
0.750901
4.688358
3.578376
-1.534400
-3.637283
-3.568502
-0.911104
3.866860
2.223432
9.599692
10.848179
3.137096
9.181179
1.178961
0.021249
-5.513212
-5.830485
4.951316
1.777677
6.427898
2.278917
5.205016
-4.775016
-12.594625
-1.488871
7.809034
9.709634
5.433628
1.941320
3.103706
-1.692498
1.842122
-4.909782
-6.332794
4.287711
-3.346461
0.823345
-3.404431
0.707430
0.647545
8.461818
-2.888894
-1.180317
0.501509
1.977866
1.374244
1.237167
-1.512905
-2.206565
-5.605897
-2.465410
-0.329106
1.783894
-5.123924
-2.542345
4.611559
7.318799
-11.506120
-3.091367
2.909302
-5.067346
7.341556
-4.332417
1.008069
-1.153641
3.292640
-7.879388
2.180831
7.767397
-7.246461
-8.631639
-10.902116
-1.209563
-3.456330
8.875973
8.277193
1.251324
9.053434
-1.256165
-5.339845
-3.404496
-5.653165
-2.566862
4.501505
7.594813
-5.067693
0.522412
3.804171
0.361570
-2.183662
3.902843
3.923207
-1.114026
11.601488
7.675636
-2.321076
-3.263103
4.580219
0.430689
-0.077066
10.122711
-1.842627
8.707587
-3.030549
6.198384
-1.203741
-2.042833
3.737834
10.024515
-3.208114
3.167193
3.627580
6.625620
-0.400694
6.993746
3.014587
-3.987017
-2.769154
-0.128344
-1.798258
2.071316
-3.451023
0.949095
-1.095303
-4.117472
6.778332
5.530866
8.086127
-5.437588
0.393186
5.386655
5.096865
9.017233
-4.992053
7.436690
-2.519256
0.397821
-8.899745
2.383675
6.747105
3.111951
6.187681
0.444031
-1.426847
3.297796
-7.306532
-0.339771
8.445957
-4.647811
6.111966
0.684083
-2.394234
-1.188568
-3.393924
-11.087789
-7.942671
-0.299980
4.979976
-5.403820
-7.522907
3.462583
-2.343797
4.157409
0.209020
8.089798
-1.015828
-0.011758
-11.473473
-7.299648
1.147369
7.314751
1.979411
1.878824
3.106039
2.441402
1.242202
-7.188018
7.114458
-6.484374
6.297287
4.601703
-8.623497
0.233728
-2.852942
1.136121
-6.101082
10.570899
6.406831
3.173194
3.081187
4.945021
3.835076
5.518153
-2.172896
0.324615
-3.251374
-2.207113
-3.550612
4.046672
2.759486
-5.204457
-5.286367
0.612908
-2.097220
3.388885
1.239378
0.995825
-3.387665
2.230314
3.481856
-5.269597
10.607196
4.665451
6.662952
2.571073
-5.432590
5.759540
-2.019467
-2.514499
-7.899397
1.485428
-3.556249
7.763853
8.484870
0.591718
-2.637003
1.633556
0.151359
5.588407
6.477613
-15.386861
-3.812801
0.356471
0.579929
9.062720
2.978375
4.798373
2.693649
3.448735
3.301393
-8.425274
3.396341
4.770880
4.667804
-3.769882
6.175765
1.551563
3.384075
-5.213349
-10.312409
-3.017144
-3.187969
6.008583
-0.718341
4.218130
2.552599
-2.439129
0.938097
-4.402437
-2.856478
5.674061
13.927207
1.264110
-1.622322
7.794795
10.700013
1.774673
-3.839089
6.149465
10.673840
9.282215
5.734392
5.463570
-2.525638
7.731480
0.727594
-4.165006
4.124313
1.971028
0.132955
1.908195
3.739362
1.908920
1.119013
0.403903
0.938756
3.345116
-0.251000
1.329841
-4.297849
-1.297343
10.054030
0.637058
0.975199
2.222038
-2.453575
9.124796
-2.757268
-1.221963
1.687593
-6.841988
-6.174660
5.262198
-3.240648
3.209730
4.906903
2.553339
-5.379015
-9.323554
7.791066
2.681009
9.542220
-2.526663
0.562491
1.080775
-1.230264
-7.480034
1.429143
-8.845853
4.594364
3.362942
0.748814
14.276501
3.849230
-2.319259
8.939732
1.056241
-1.096780
-1.167322
-6.603548
7.066052
3.307839
5.727266
5.391855
2.724010
0.719769
2.833910
4.358242
-0.639498
7.037088
0.086425
8.716324
0.422222
-4.939353
-0.528712
-2.215256
0.440827
-0.744073
5.294245
5.573438
-0.533573
-0.584525
8.257554
-1.046533
1.771269
6.038060
6.803380
0.749333
1.971336
0.844195
-4.232402
-0.166488
0.446813
-0.060520
2.894198
-0.935033
-4.663078
-6.352622
-1.941442
-2.830396
1.048869
-8.645820
0.158349
1.767910
-0.225353
2.741283
-5.499709
3.199539
-5.204626
-6.989969
3.989979
6.096247
-5.084688
-0.710111
3.198429
1.635646
3.290936
4.877063
2.601385
2.468859
-0.374597
6.228333
0.005351
0.723571
-1.668906
-0.445389
1.542570
-5.465963
2.190328
-3.966557
-3.749901
6.305558
0.548615
0.968787
6.057051
0.213605
-0.900859
-4.078813
6.457012
-2.314894
-6.839547
7.328037
4.375763
3.686407
5.962600
8.487322
-3.205132
8.201328
1.890863
9.811447
12.020775
-5.648436
-4.602191
-3.958159
3.054315
-1.312109
3.179461
-8.429634
-3.163070
2.007766
-2.686190
5.350515
1.978740
1.459069
5.621668
2.433506
-0.541401
-0.494780
13.975802
-3.087016
6.197679
5.591501
4.874691
-4.290130
-1.857867
-2.628896
4.366002
5.038957
-0.588997
2.241686
1.322046
-6.916035
0.253678
-4.123411
4.543248
-1.168076
14.586373
5.338877
-0.661020
3.392542
-0.857241
-0.509696
1.821447
-9.250950
5.294032
-3.641075
0.013495
5.423816
-3.071580
-1.224497
1.874928
-8.247231
7.090547
-9.481352
1.037659
6.259566
5.231044
4.661671
-6.600444
3.685153
2.430903
-2.271547
7.532819
-0.067863
11.462252
-6.196464
-0.445589
-1.789351
2.204502
-1.756659
8.077762
2.277940
2.620543
6.907171
5.305812
-9.020288
-2.252221
-0.383751
-2.105443
2.538238
-0.013208
9.541905
-6.748634
-0.369799
5.151949
8.388605
10.446633
9.007212
-0.399431
0.490341
3.589031
1.567673
0.447708
5.655297
-6.932875
-0.284646
-2.484189
2.254898
-3.559054
-1.496785
1.580569
-0.994099
-10.265059
10.199195
4.070482
2.433928
0.793463
-0.408156
7.857428
4.875984
-1.750402
-1.333980
-1.675222
3.143926
4.178384
-0.439701
0.182173
-3.558733
-0.544831
4.711714
5.949650
4.099288
-3.440096
-0.887057
0.218150
-0.693586
-1.273549
6.084124
-3.949575
-5.915342
-6.857132
1.940360
-1.581720
6.337181
0.730622
6.510907
3.409928
5.969914
-1.734567
-4.557541
5.539120
-0.661261
-7.976590
5.245734
-4.124902
6.507014
-0.267772
6.425866
-11.970999
-0.494778
-0.807208
1.845927
0.686698
3.612688
-1.190771
-1.175006
-1.105593
-3.177532
5.082834
-2.035673
2.992833
-1.226903
-5.435772
7.341892
-0.118498
-4.365771
-2.705888
1.204047
8.282899
1.733566
3.247608
2.361147
1.679050
2.171975
10.683858
3.049544
-2.010927
-6.943341
-6.653585
-8.102189
-6.881511
-2.408253
7.617255
-6.133428
-9.779178
3.077222
2.204213
-5.817558
-3.500003
-9.965706
-0.713252
6.532220
2.393330
-6.028151
-2.784992
-2.720373
-3.611076
-3.651440
7.143247
-2.863513
0.900390
-6.420517
4.093903
0.680515
-3.301685
3.662171
-7.110822
-1.353235
-2.100081
-3.807463
1.518156
-6.602433
-2.748417
-3.796308
-5.433270
0.075929
-4.889693
2.587266
-1.343915
6.728609
-0.389970
3.404612
-2.245000
2.646747
3.194501
-2.716281
-3.603354
3.178994
2.675982
-3.989075
5.766725
-0.690292
2.639919
-1.136344
-9.051582
5.204067
4.948191
4.809352
0.664170
1.315719
6.632697
7.115791
13.290587
-2.596305
-3.767880
-3.369223
-0.212662
-5.518426
-2.893681
-0.287759
0.226258
4.939835
-2.306880
11.044839
5.803816
2.550856
-0.729424
4.884486
-7.935754
2.854461
-2.552052
0.024478
1.366177
0.497408
-6.983520
4.888856
6.331050
-2.563085
-1.795679
5.711803
9.194219
2.897415
1.206892
7.883360
4.614410
9.696674
-1.421934
4.492985
-1.327586
1.796118
0.822284
10.082512
3.035964
-3.009951
-3.424114
5.004099
-1.076499
-1.715720
2.098986
-3.672087
0.522627
-0.056975
1.360796
5.500847
-2.262418
-0.022433
-1.582824
-0.740841
-1.470719
5.781314
15.462803
0.592301
-3.563054
-4.837344
0.185166
3.685071
11.365094
5.356798
7.778832
7.895385
4.137316
0.635662
-7.725252
1.480044
5.837226
2.150669
7.815850
1.564075
7.740478
1.403725
-2.722181
8.296939
-1.847288
-7.996670
8.156238
-0.196756
-1.439911
-1.010715
0.993398
2.808248
1.825356
-5.342098
1.811235
2.430952
4.170181
4.166342
0.221844
0.789623
4.374175
5.810145
0.144211
-1.151062
-4.140280
3.860254
-0.363365
2.477364
8.835378
-0.287903
-0.617169
-4.423307
2.407213
3.477863
1.389500
5.379481
-3.320366
-2.769012
7.614157
4.006082
3.629637
2.741412
4.735166
5.476292
3.087296
9.004729
1.456708
3.300082
8.017042
-9.691984
-1.923978
2.542174
8.515638
-0.114936
-3.816089
4.572684
2.105631
-1.038762
-1.136434
-4.201566
8.524723
-3.279646
4.640050
1.628186
-7.708469
1.265436
-11.775187
-1.715882
4.857951
-7.095147
2.312971
3.816425
2.753140
-4.249044
3.002528
-5.829031
-0.765981
-3.420523
-4.353163
-6.429701
-1.327447
2.803448
-3.278988
-1.792747
7.929685
0.943857
3.949127
-1.237566
0.462444
3.318128
-0.639165
0.202086
2.505597
-1.770397
-1.943282
3.888597
5.597356
-8.596032
2.958539
10.500382
-1.066315
-5.685961
-2.476612
-5.482346
3.380348
1.561951
7.419812
-3.542480
-5.112027
0.505353
2.618828
7.028536
5.130968
1.281227
2.201641
-0.639338
2.369170
-2.429423
3.257389
8.328848
5.387530
-3.056182
-2.233617
0.723233
3.658633
3.984287
7.570337
3.277438
-0.220231
-3.801542
1.626690
2.282239
-5.995946
-2.763118
-8.862755
0.589087
1.363281
-5.059222
0.457552
6.942703
-2.769147
0.484404
-4.063067
-3.848481
-10.800361
-7.082849
-2.038880
1.899477
-4.371353
-5.861315
-6.505510
-0.496319
-2.639375
1.322129
11.390620
4.688995
0.720658
2.317869
-1.004186
-8.062212
8.391470
-2.239531
-3.307530
1.799430
6.787360
1.765216
-0.872833
-1.115887
-2.343910
2.086564
-0.222221
-6.391536
2.114221
-4.093561
-2.193254
3.299642
-3.967020
-4.277205
-9.892539
7.330340
2.667700
-9.040973
6.663629
2.235139
2.578525
3.995035
1.905704
-5.989831
-3.856379
6.078733
-5.627719
-2.207993
5.186638
-2.496657
11.694869
3.566606
0.801267
5.832730
7.348975
5.918108
5.514555
3.566217
6.599100
14.217869
-0.238434
0.966315
3.494351
0.953418
3.823687
3.220225
-1.942224
-10.208465
5.372871
0.921979
-3.429053
-3.365488
3.919710
7.638476
0.222896
0.600203
2.175172
3.278352
-0.103608
2.038759
-3.071481
3.761937
-0.201938
7.659861
-0.456975
-3.613896
6.843453
5.478944
3.209549
7.183889
3.789957
-1.062761
-2.078170
2.835862
3.909595
-1.355092
1.372004
6.938871
8.133083
-0.942172
4.085302
-4.660426
-4.195976
4.957854
-1.269649
1.229178
13.187773
-5.095181
2.345440
-0.725010
-9.120654
-5.502527
-3.873176
-4.611860
2.789035
-2.139291
-2.752170
-1.714587
14.208075
-0.840385
-9.330251
4.940119
-1.991779
-1.713235
7.832740
-4.023485
0.177338
3.473539
4.305147
4.853154
2.370714
-3.379360
-1.165332
-4.582297
-2.866781
1.681527
7.309753
4.821535
0.005482
-1.548161
-1.566409
2.734304
-3.986072
-6.199754
0.290436
-7.091247
4.368436
-9.616074
6.656786
3.675431
3.235337
6.689570
2.840930
3.979274
-1.242895
-2.503696
-0.184108
3.804101
2.292526
-0.836116
4.239261
-3.312068
-0.805220
7.698119
4.127354
-1.599130
-8.897127
-3.418612
0.916076
-2.965551
2.440904
-0.465989
4.530753
-1.199886
3.536393
4.804415
5.155797
-3.155186
-2.997580
-0.032200
4.472169
8.524484
-0.292945
5.225137
3.081124
10.786012
4.202073
-4.943943
12.421075
0.010997
-5.936789
-0.634412
5.770011
-4.145576
1.404609
-3.736107
6.302355
8.437659
4.001958
4.575004
-7.477976
2.435545
-0.910158
4.586571
2.151849
-2.474434
1.106410
-2.148100
-2.437265
1.327667
7.494605
-4.529705
-2.817102
-1.228218
5.882064
2.270158
-5.042396
-0.763869
4.443510
0.626196
-1.115253
5.361135
-4.291844
-1.018451
-1.591004
6.853770
7.315628
0.565231
-1.196720
-1.550039
4.019664
3.470970
-6.383509
-3.044165
-1.107192
0.926969
-7.559871
-3.363292
6.781206
1.658393
-5.478873
7.485263
0.849121
13.569910
-2.187903
-6.449679
-1.927506
0.875217
1.924230
4.551306
-7.045001
-6.781865
10.769262
-5.107060
-2.747614
8.170590
8.003978
10.720822
0.623614
-3.611344
-1.901928
3.571228
1.060080
-2.281555
-0.406506
5.760441
-5.716427
-2.492051
-3.925869
-3.534330
-4.662871
-5.287610
-3.745122
-5.542236
-3.577824
-5.991108
6.821469
9.574639
-9.058647
10.573982
3.776159
-0.629464
-6.194586
6.414257
1.543542
8.231710
-1.386597
7.245833
2.169523
-5.153864
0.968178
2.454208
-0.084380
-5.779830
-2.648766
-2.536495
6.157375
6.289055
12.748874
6.217032
1.301215
-4.038182
2.333366
8.702944
-2.073597
12.037396
6.662576
-2.165957
-4.857245
-7.142733
-3.122803
-0.167668
-9.284112
3.136004
-5.561588
-0.639412
-6.016804
-2.289743
-0.629306
5.907583
-3.428252
2.678473
0.202063
-9.606977
0.417512
0.930235
-0.576352
-4.594011
1.664308
6.760892
1.537153
5.067636
-4.953595
5.062362
-7.192537
-0.775064
2.503397
12.726112
-1.887660
10.471987
2.849452
4.192070
2.253225
1.668973
1.998102
-2.258696
6.791240
4.388270
12.915124
7.193892
1.796526
-3.673427
4.223932
-3.379178
-0.598392
5.199439
6.551947
2.050886
3.303601
1.054144
1.950733
-6.689870
-6.908705
1.571107
-2.914406
-13.486570
-0.612116
-0.604770
3.110134
-4.614363
2.802780
6.307250
3.204354
7.548405
-4.955419
-5.452082
-4.130956
-1.546019
6.253160
6.041031
-0.498511
-5.347515
-4.226162
-2.203122
4.910118
1.426920
-4.520217
0.686859
-1.569848
6.457696
3.288295
-2.237565
4.729883
-4.332791
-1.715877
1.313520
-1.270360
1.325343
-0.469782
9.357343
3.857626
11.185803
2.878419
11.620315
9.137827
-7.334706
0.335286
9.717148
4.769014
5.849192
-7.361988
8.218850
7.545580
-0.846424
1.846993
3.144292
4.265769
-0.999878
-1.632206
5.623964
-3.076157
7.991920
1.968560
0.172707
2.036788
6.176914
5.765670
-2.962273
-5.573092
6.677243
3.298922
-0.218737
-8.815016
2.241914
6.784288
-15.587385
-6.474644
9.593919
-3.206102
2.647139
-6.463128
3.322056
2.388277
7.540144
-3.766560
-1.613910
-2.117154
8.270657
5.227192
-1.870024
1.205650
9.321378
-0.285093
5.678158
-8.680382
2.236634
-2.062516
-0.262336
2.974030
10.963613
-0.038364
5.501561
11.500183
7.033199
-7.382063
0.070195
-7.920210
5.374165
-2.371094
12.043315
-13.328487
5.096404
8.700779
1.738713
3.343169
4.736699
1.458469
2.751008
0.863061
-2.159650
-4.299112
3.866691
0.775125
-1.911948
3.765461
3.147374
-5.275783
-1.923398
-2.468914
-0.714947
-1.135627
-4.429214
-3.918581
5.409801
0.786740
8.022834
-1.083655
5.569336
2.600229
-5.197027
-1.342915
-5.856449
-2.885583
-2.622427
-3.614436
0.826031
-2.478397
6.583444
-0.974412
-2.973685
-4.869341
0.827492
0.527372
4.955798
-2.344275
6.625508
-5.184703
1.304807
2.033990
3.241511
-9.616738
2.099156
-2.550710
-3.343487
3.090904
5.449126
7.214140
-2.303399
1.030283
0.347375
5.950378
5.116415
1.042527
4.435219
-12.162491
-3.926741
6.406169
4.081842
-8.018834
-5.532490
1.210565
-3.865234
-9.400712
-0.389738
-0.742292
5.245027
3.734471
0.366364
-1.565766
-1.142366
-0.417171
4.392592
5.472104
-1.825131
-0.381921
2.107139
-3.641026
9.920029
11.292658
11.870875
3.275586
2.478730
4.350964
0.296658
2.036244
-2.422054
-1.524925
-15.029327
0.400783
7.597169
-7.525449
0.766128
-1.241587
1.213346
-7.326656
3.607121
5.633356
6.258936
2.118619
9.655343
9.549404
7.784074
4.778093
-6.953693
-3.061025
0.791211
-5.144338
-0.705427
-3.809289
2.146322
4.171743
8.884020
1.818326
-2.386867
0.090457
-0.727099
-9.897483
-2.151989
0.109107
-0.563229
-0.452741
5.565050
0.796846
-4.178793
3.543892
1.627107
8.855162
3.019184
1.788992
-0.629058
1.419581
-5.370251
4.626969
-5.722854
-3.746595
8.516115
1.172973
1.481291
-5.464479
-0.045938
9.968464
8.518565
-3.671877
-2.551024
-3.572036
-8.255250
0.332292
-11.858560
-3.401799
4.863853
15.936274
1.671240
-1.956161
0.115075
-2.097772
10.319986
4.169944
1.467960
-1.642729
-1.382469
-3.455814
4.008628
0.416342
4.179494
-3.791132
6.716760
0.363144
0.368311
-3.922089
11.583554
8.972410
8.970316
2.903271
-0.420325
-1.304842
0.387873
3.590145
-7.774343
2.466917
5.362924
10.634140
0.584324
0.378854
2.038564
7.488273
-4.532049
-0.099675
4.534375
-6.588432
0.842350
-1.210952
-0.074790
2.039095
-3.582114
1.066825
1.071889
2.209095
1.915394
0.461774
2.365198
2.664547
2.010408
3.031648
-1.662936
1.205158
-6.238401
-8.867124
5.408080
-1.833577
2.676575
5.791382
-9.039050
7.764880
2.828651
-4.455849
1.080736
3.890203
7.502401
-0.400933
8.197363
5.005274
4.007842
-5.455350
2.930206
5.660207
2.112270
-0.102495
-8.603152
-1.648213
-3.183091
8.151889
-1.664576
7.928319
2.214766
-0.371839
-2.524785
7.047816
1.695234
4.026609
-6.535264
-1.438238
-2.551810
-1.806905
-7.449804
-1.843293
-8.509909
7.482587
-5.925877
-1.866738
8.619028
5.324296
5.051989
-1.817722
-0.291965
1.336967
1.048318
-2.281582
1.602109
8.882677
1.310366
14.217364
4.048994
-4.006386
1.521720
-7.544655
-4.227432
-2.773273
8.023147
-3.606281
-7.654154
-1.655268
-2.528895
6.874862
5.905783
3.200992
5.640977
-5.747586
2.483214
0.010888
0.184622
12.259772
1.334460
-6.207659
1.937085
1.338456
0.245416
9.767127
4.378174
-0.300398
1.017273
5.686658
9.459714
5.779695
4.662724
-4.692151
-6.771363
-1.193799
1.617529
4.307175
3.254190
-8.612453
-3.381912
9.708926
0.534633
4.856029
-1.152186
3.730088
4.795324
6.033073
6.460627
8.346937
-8.986754
2.061233
-4.515216
-5.608667
3.908131
-4.329348
5.695777
-11.359660
-0.804511
3.322911
1.148229
6.974088
-8.728267
7.527116
2.466144
13.757204
-5.061114
5.960559
-0.934578
-5.888217
-4.623197
1.371089
12.117158
-2.551677
-7.816513
-3.741606
0.707732
0.975836
8.804423
-3.424285
10.981603
-3.702337
-3.194078
-1.551908
-2.867485
7.667487
-0.642866
-2.340123
1.913913
-2.917948
3.510177
-2.213566
6.566827
2.288011
0.686725
-1.606348
11.455877
4.578491
1.787889
-13.429573
-10.851780
-0.378407
5.265798
0.093032
5.499380
5.624802
-3.944537
5.557321
6.537214
-2.620149
-2.854329
0.588779
-6.657344
4.989449
1.807728
-2.242025
-2.541715
8.336310
-8.556368
3.013507
-1.847365
3.594236
4.738782
6.627518
-2.701984
5.066371
10.474017
0.863140
7.981050
10.004282
1.984287
5.741124
-2.161540
5.905411
1.263981
0.174621
3.825922
-11.612334
-1.191590
-0.510950
2.295402
-0.776945
8.147548
-0.192588
1.357145
6.825575
2.234297
3.946072
3.944460
1.643477
-5.587143
4.887030
-1.987403
-2.716925
-0.534152
10.798283
4.122261
-9.163864
-2.694881
0.834574
-5.931111
8.091118
6.718904
-2.784928
7.280739
5.027184
0.469671
1.336512
-2.152356
-1.573106
1.228101
1.324601
3.661337
-3.492338
2.288749
2.270812
4.890838
-3.539471
3.914083
7.975832
1.057441
3.874628
-3.966502
13.674957
-4.561322
2.002110
-0.521855
3.330483
-0.251575
-0.626400
8.869159
7.632045
5.663217
9.721983
5.112670
0.773107
3.142775
-8.335140
1.019288
-1.171419
-1.958819
-3.020755
3.433022
4.353053
0.787517
0.685780
-7.237865
-1.051558
5.920257
-5.555833
8.275922
3.088273
5.499401
6.362680
0.471677
1.139399
6.257239
-0.017940
1.375369
-7.892266
0.943319
1.550616
6.866563
7.331335
4.093561
-0.779659
1.325241
3.471310
-1.689931
-0.146688
3.296663
5.814581
0.845340
2.497492
3.831835
2.303605
0.396797
6.063671
7.703063
-1.638971
-3.742799
2.285700
1.969227
1.345826
7.119605
11.167774
-5.005845
-2.539046
-5.439111
2.278728
-2.386859
8.552365
-0.190251
5.237983
0.964067
4.949249
3.493089
5.328777
7.341117
8.300472
1.713087
1.608745
5.206169
5.327571
7.189347
3.801477
1.442713
1.446421
-0.471747
6.313795
-5.664947
7.093108
-2.622539
-0.943122
7.598590
1.797413
-2.800953
10.961338
-2.831236
1.242929
-3.665496
5.629795
6.424189
-1.129309
-7.550431
2.055421
4.032919
-1.225779
8.633322
3.218995
0.979016
-5.247128
1.008382
-3.834481
1.253313
-2.315285
-1.863404
-0.071755
3.688232
9.524957
-6.095889
-0.732641
-4.072134
3.785551
-10.200660
1.526641
0.201067
7.286620
15.117925
-3.827287
-8.138105
4.150293
-2.319730
4.770788
1.618650
0.570212
-4.254028
0.740629
-1.460934
-0.419586
2.749341
-8.662890
4.311959
6.160585
-2.463664
6.218148
-6.964153
-1.813523
-3.122812
-1.569803
3.535229
1.314734
0.991352
8.222595
-0.438039
2.814359
6.483635
8.727773
-10.461739
-5.074343
-0.526668
9.340984
6.364752
-3.269593
-0.243541
0.055926
-3.753830
-7.478144
-7.599251
7.008470
6.717676
3.640266
3.321219
-6.202217
9.759328
3.795260
-0.424228
-3.495862
-2.369955
1.315875
0.386774
-1.416435
7.322784
3.522460
2.730544
8.452475
6.740634
4.853328
7.890022
5.433960
5.413146
-10.332254
13.832963
-2.892150
3.173774
9.087018
-4.042287
-4.921879
8.384773
6.057845
0.400013
-0.421587
4.475913
-2.555162
-1.222937
-2.288989
-1.437168
8.184881
1.586249
8.152418
0.737054
-0.073829
-1.821584
-4.215000
-2.929696
-2.334918
0.089863
-0.305443
-3.757755
6.642845
-6.930657
4.242778
6.824081
0.275258
-8.705424
2.488987
2.717413
7.196873
-1.439570
3.413668
-3.012604
2.593632
-5.347581
-2.778851
-4.092274
3.444446
4.310395
-0.889103
-4.782337
4.416085
-4.557885
-4.970957
3.040743
-2.299991
1.741186
4.154571
-3.820880
9.039633
0.266745
3.856798
-1.574429
0.410292
-9.410905
-0.020679
8.996151
1.362145
-8.922935
4.922834
-0.060872
0.453221
3.206920
-10.877965
5.881164
-6.208805
-4.427760
1.689789
4.709944
-1.003537
-0.106256
6.770405
-3.400406
-1.813401
4.806583
-2.405511
5.315710
-6.213882
0.189695
9.622422
-0.452397
-1.265517
3.685306
1.970842
7.097588
4.397137
7.474965
9.042427
4.863648
6.412425
4.715485
0.829194
3.214690
0.784240
-3.120546
-5.292444
2.164678
1.848080
2.346251
2.207807
1.664876
1.563402
-2.597795
-2.609588
4.125180
-5.559786
-13.235370
2.499152
9.133169
-0.469983
3.507614
-1.601053
6.401106
-1.989266
4.465661
-4.063174
2.596487
-4.113749
9.960097
-5.576695
3.254987
6.705034
-3.328792
1.697818
-3.399847
5.714646
-4.712272
-0.579141
0.285559
0.472673
7.636347
8.570943
4.712040
-5.320859
-1.926303
-5.416364
4.010295
-0.019229
3.479443
-0.322231
0.981967
7.014723
-8.363759
3.530347
-6.440912
1.820233
4.885121
7.409467
-3.056528
2.876217
-2.094070
3.901151
-1.576140
-4.544066
-7.245926
-0.213147
3.381791
-2.507820
3.828352
-3.680875
1.501136
4.730667
-0.496939
-4.069895
-3.063881
-3.308024
-5.850747
-1.858920
-3.113454
-5.346620
4.221278
-0.802594
-0.170740
-1.688001
7.649449
1.507497
3.889429
6.216432
3.795561
-6.372488
5.340595
4.936502
-5.771945
3.061755
-2.071073
2.217201
2.470210
-0.411719
0.912850
3.002987
-2.019396
-0.739654
4.685667
-3.951044
-10.236443
0.602340
11.219017
-2.531342
9.764796
0.503019
4.547618
9.713427
14.726766
0.918770
3.277596
2.347165
-1.693414
-4.300986
1.198330
5.968443
3.117926
1.540571
3.084576
0.343088
1.450670
-4.205826
4.054238
-7.101932
7.275600
2.216287
-3.015368
7.867650
0.914195
5.229991
-0.172524
0.211646
-2.214014
1.605250
-4.442806
4.791061
1.911502
-5.662409
-4.606220
10.850053
-0.087977
-7.170560
-6.359279
3.027317
-7.244657
-5.501153
9.006032
-9.766019
-2.569288
2.172027
5.477937
-1.230146
6.705325
6.062398
-2.987528
5.488576
-5.179823
-2.126826
-3.275203
-8.812168
-6.042970
7.322782
-5.203942
6.572825
0.771421
-9.863983
-1.033244
4.193807
-9.938819
-1.399590
2.047329
4.263477
-0.391520
2.226060
-2.067544
3.784057
7.124444
1.693889
3.980278
7.185652
6.583650
1.314842
2.203103
-0.382703
1.211081
1.424941
-1.273942
7.444443
-1.472230
6.150082
9.362179
-10.467396
9.190445
2.658709
6.153714
-0.160972
1.094506
2.610762
3.063213
-2.935527
6.538233
3.178419
12.438849
0.881268
4.405104
3.697061
12.228175
8.726040
-10.075978
5.643580
1.130544
1.898529
5.144355
1.240865
-1.486090
1.290656
4.544510
2.606036
-8.164704
4.831729
8.043107
-1.141541
-7.321300
0.435218
1.574329
-10.248965
-1.661463
6.804273
4.669999
-8.977700
2.610996
-2.314967
0.113515
0.056246
7.376105
3.126685
5.991069
2.654514
-7.006151
1.489880
-0.343187
-2.389648
-0.676074
4.296957
-3.290697
3.060906
-7.251148
2.747232
1.313113
-4.171966
-7.939192
8.910243
-0.749932
1.584243
-3.855941
-0.261240
1.667954
4.311430
10.469902
-6.867158
5.747863
0.574864
18.548104
-3.682269
0.606053
-1.854050
-5.972055
7.545782
-4.326483
-19.725029
0.535354
3.611368
15.861471
-0.163382
-1.712290
-3.635224
-2.005394
3.102130
9.997903
0.214958
-1.596009
-3.620717
2.447304
-7.714895
-0.270831
-1.327049
-2.805907
2.167969
4.074111
-0.081778
3.978406
7.649149
2.777191
2.197375
0.283485
1.679763
-4.391527
-3.604036
13.060171
-8.778900
-0.569565
1.274102
1.455144
-0.228634
-1.466483
2.367782
-6.954020
-4.721277
4.039185
-1.030746
-5.636263
-7.287738
9.377753
-6.266167
3.616845
-9.912397
-3.830748
-1.043237
-14.981264
4.734820
-2.085390
6.526173
3.028022
-2.843581
0.396244
-5.340009
-1.071498
-0.030312
8.041513
0.885345
-1.153765
6.208506
4.938170
-8.203350
4.622749
5.584840
0.063859
2.327940
-2.154487
-1.398908
0.118124
-0.024022
8.081147
9.210505
-4.068570
7.125090
-0.227116
0.032369
1.585774
6.187992
-2.038762
3.897225
-0.596861
12.465297
3.623963
8.455729
0.914898
-4.261932
-4.067682
8.453747
-6.322787
-4.295068
-0.677264
-8.897300
9.668296
-4.369740
2.560948
-1.944678
-0.108308
-6.658938
3.804203
6.374112
2.007817
-2.779065
-4.846174
4.629690
-4.646818
-8.697307
0.629537
12.041885
11.546718
-3.937499
1.807064
8.794314
-4.302643
-2.314414
-3.823547
-4.632937
1.972422
4.326669
11.397172
-2.140997
0.136239
-5.448486
-2.349463
4.760082
0.559745
1.590916
6.571571
-4.020692
0.580891
0.680427
15.913462
0.988632
6.578505
3.796946
-0.537959
3.980158
-2.643014
7.250477
-9.794499
-1.992273
-4.799844
-1.923381
-2.319232
-2.555885
-4.053571
4.275899
3.577079
4.308551
-2.922242
4.619543
9.286584
9.508021
3.069294
-0.727034
-1.242912
2.489287
0.946910
6.641526
2.943721
-3.774499
-6.382289
3.990061
-6.121087
6.587658
-3.991089
8.333741
-8.670745
-9.827602
-0.529434
-2.797417
4.264956
1.980365
-3.449433
-4.392951
-2.120963
5.286637
-8.161459
0.976518
-8.079248
-4.075423
-0.728636
8.878260
-2.204636
3.715208
-0.230448
7.684901
4.209825
0.202356
6.410540
2.773837
-0.030141
4.662112
-0.218252
-1.295582
2.804073
-5.924419
2.373900
-0.394476
4.589002
11.791459
-3.159427
2.403545
3.252578
-1.577403
0.755336
-2.376523
11.903882
3.503433
1.399154
-1.354624
14.352175
4.562065
3.288747
-5.675818
3.633920
1.315941
-4.985119
-7.200449
-3.807871
-0.678782
-6.119981
-3.651803
11.804427
4.290072
4.863117
3.728317
6.001047
-1.083639
-8.521904
-5.223399
6.030821
6.502434
2.764192
0.330264
2.657551
0.475774
8.950175
-0.438691
3.179953
-4.413596
0.389568
1.526659
5.289313
-0.265543
11.595129
12.256519
3.620160
6.699978
-2.698602
12.908929
8.435877
-6.814948
1.192775
-4.658909
5.449547
-5.684250
6.348911
-4.248022
7.800368
3.704478
10.398938
-9.068539
-2.489817
2.583849
-4.142856
2.471350
2.041092
3.919735
1.370303
-1.231582
2.746533
-3.219436
3.697097
8.854990
-3.123866
-0.068725
11.208007
0.729520
-0.421866
-3.644770
-0.712503
-2.912592
-0.051679
8.616244
1.885573
-0.968855
-2.586928
-1.245639
-1.388514
-6.116757
9.203536
7.527933
-0.792838
4.955375
4.653125
3.065237
8.825685
6.729840
-0.638573
0.193965
1.168289
-8.060834
1.991328
3.567423
-5.130659
8.379832
-11.303643
0.425717
-9.329263
-4.098063
6.444260
-0.124233
-0.930178
-0.399031
-0.132758
-7.103527
-2.635428
-4.875956
3.174874
-7.457914
4.318614
0.418235
9.953260
-1.343134
-1.644046
-3.027352
4.060415
5.924656
12.394863
-2.797427
0.898011
10.059294
-7.699462
-3.408471
6.490641
-5.117956
6.226933
5.734146
2.947117
1.400527
-0.333935
0.796103
13.469592
-2.040112
2.427951
2.050331
0.170428
-0.203219
1.417252
6.671998
10.755856
12.878464
-2.994297
3.046510
5.474183
0.913022
-3.766471
-6.122848
5.355133
3.523806
0.586147
3.115984
2.933122
8.126764
-1.545646
1.644421
3.063361
11.937640
-5.548314
3.949751
-0.968347
12.545633
4.297124
3.211682
6.832818
-1.828508
10.345454
-2.424473
6.141979
-1.672670
-5.974466
7.511015
1.607261
6.295373
-0.318430
-0.862657
-4.674537
-0.272742
-3.791772
1.384379
-2.217984
3.722102
-0.590416
2.467581
0.653497
-4.311807
-4.633909
3.561908
9.008658
-7.737309
4.655143
0.370270
-2.085038
-1.322869
3.984731
-1.866457
3.041619
9.398983
-4.286144
9.717542
3.180936
1.016950
1.775653
-6.590027
-11.917544
1.928033
5.807390
8.934561
-0.301439
0.599877
11.399889
2.055200
7.159798
0.831273
8.902095
4.899897
3.715570
4.341487
-0.970019
-1.321874
1.992180
7.499809
0.796361
2.409856
1.602803
-5.247689
1.225115
3.650287
-2.052291
8.570134
-2.369785
13.934273
7.752822
10.884063
10.719744
2.339871
3.662897
7.340328
6.506019
-5.735900
1.936339
7.551557
2.709002
6.970868
-0.740013
4.049690
-2.596420
8.150302
-0.557161
-2.050140
-7.858084
-2.192818
-6.318438
-1.045276
-4.933358
0.371504
2.610484
-3.584072
3.068695
6.844801
-0.848947
4.355114
1.994077
0.988342
-0.009804
-4.391742
-1.836620
-0.801589
0.369570
-7.778009
1.838732
2.702873
1.687961
-4.149049
1.691275
-6.259559
7.003647
5.170049
0.294876
-11.711833
-3.537997
4.290361
1.655679
-0.269930
1.811631
-3.186468
-1.270039
5.456658
4.696942
9.226420
-2.023740
0.971838
5.329255
6.178288
9.228385
-8.760421
3.702514
-5.308429
4.688420
2.185355
4.798069
2.152052
-2.923102
0.372215
-2.820444
3.055731
7.292624
-4.371852
1.714760
-8.171975
0.560539
7.701353
3.779345
-0.939412
-0.936018
7.617720
-2.388128
1.964273
-1.529130
9.828662
-1.310743
-1.318227
-4.542182
1.086360
0.246703
-0.385125
-2.344634
-5.595295
10.325755
-0.854118
2.100534
-1.476017
0.369705
-0.843898
-2.763211
1.400100
7.709266
2.455310
1.587451
-9.251916
1.936169
-5.375952
2.449413
-0.516711
5.485122
-4.214568
-7.152237
-8.794641
5.659009
-7.286103
6.149115
9.400154
-2.390293
1.940484
1.219005
-2.615991
-6.728100
6.825199
-0.592405
8.104667
-0.060347
1.614117
3.049566
3.602793
2.008667
-1.137801
1.283678
-1.730477
-0.032434
3.350255
-0.053361
-9.227749
-0.669727
1.686602
1.488172
-3.362400
3.440531
-2.712490
0.517980
9.249276
-0.690836
1.209130
5.235272
3.776161
1.733558
9.291297
2.203286
5.267846
0.934337
-4.496354
-6.567085
-1.177968
5.352291
-0.487699
12.528950
-0.147562
5.382749
3.690007
1.884557
-2.389560
-1.603947
4.024439
-5.368070
-0.433259
-0.244195
-1.678175
3.050778
1.461552
-5.987919
0.698094
-0.699450
-1.173196
-7.286461
-3.113948
-9.629007
-2.834854
4.783878
0.264487
9.011046
-2.916848
-1.400276
-2.337982
-4.097330
1.396324
7.781680
-2.958784
0.948647
-3.412457
1.984306
7.409270
0.260689
-3.099376
1.768151
-10.375269
5.074626
1.022962
4.151302
-11.645572
1.242786
5.493314
2.676665
2.229882
-3.258103
-11.038792
-5.451746
-0.516783
-3.461157
-8.390772
-1.264584
9.332817
1.815968
-0.543670
-5.181979
3.421162
3.288960
-0.555878
0.606319
8.421051
-2.200350
8.490250
4.591313
9.235380
1.458302
7.655917
-2.471701
-4.813378
-2.674995
-1.030804
2.901907
1.526623
-5.173746
-1.318813
-5.132400
-6.800237
0.473855
-1.251144
6.475666
1.419049
-0.097961
-4.837657
-8.400151
5.112664
3.940929
7.707082
-1.815865
-5.338566
0.818714
-1.285858
-4.785341
9.080003
10.226409
-3.450533
4.067100
-1.458409
-2.425416
5.526327
-5.935328
6.333320
-7.378881
11.270117
-6.094696
-1.199312
4.593613
4.948837
5.509724
5.975454
-3.047283
-0.812437
-3.943492
1.377843
-3.845777
-0.261818
-7.592388
-0.481493
-3.662860
3.284360
2.604440
2.684621
7.386558
-2.479476
5.254453
7.788172
-6.187710
-0.741461
-1.790373
5.326261
4.736640
1.334767
-4.054910
-1.517808
4.686060
6.814449
2.765395
7.681912
-7.692551
-2.762725
-1.249447
2.690385
-3.066378
-6.642997
-2.626644
2.711231
2.043030
2.740652
-1.088088
3.197953
8.389521
-10.544253
-6.929050
2.977356
-2.628380
4.148407
-1.944506
3.487841
-1.085575
-0.609108
10.435038
-2.345101
1.517885
-7.290377
2.698770
-11.463594
3.909449
6.352237
3.999039
3.644164
5.302930
0.130885
3.966285
2.624153
1.952449
1.740631
-3.009135
-7.573837
7.131854
7.066362
2.287166
-6.216403
-0.967641
-2.333597
9.543062
4.202215
2.466517
-4.724162
1.142517
-0.969491
-7.391638
4.951452
-11.818994
0.686446
1.031498
-5.209169
5.027652
3.959602
13.419485
1.712746
-3.167293
-2.786671
5.683083
8.083425
2.132752
1.360843
-1.565813
-4.396244
0.836580
-3.685330
10.676577
1.970688
-2.348091
2.904209
0.512192
4.239129
5.711566
-0.119655
5.027967
-3.380132
1.885200
-1.741927
-3.603065
-3.960092
-1.339212
-0.869623
4.446985
-3.673922
1.743474
1.678101
0.495148
4.765760
-3.086567
6.115850
3.718460
4.261180
2.214816
-3.443078
-1.894541
1.790463
-6.986045
-2.344608
7.257473
-7.042439
0.586760
4.925525
4.527261